  0.00001985541025214  0.00002165779554563  0.00002374621964741  0.00002585424509489
  0.00002793966650056  0.00003008629948112  0.00003231537288035  0.00003482527495569
  0.00003751007097951  0.00004033448184896  0.00004346025600462  0.00004670473537671
  0.00005016518721175  0.00005387227421351  0.00005788737718348  0.00006208996333580
  0.00006650849485872  0.00007113731534877  0.00007604684439029  0.00008112523506989
  0.00008634834141002  0.00009175229372667  0.00009730075729477  0.00010289252130456
  0.00010840595703509  0.00011418496216001  0.00012030036908252  0.00012669825868654
  0.00013320098614275  0.00013980297380406  0.00014695637060066  0.00015439033878051
  0.00016179323087168  0.00016978501468889  0.00017754323159420  0.00018619701234476
  0.00019512830664345  0.00020430133910485  0.00021376980745247  0.00022337432488123
  0.00023318040048815  0.00024382378141763  0.00025486258286702  0.00026631085372898
  0.00027828975264703  0.00029051054371571  0.00030314041772639  0.00031595400883066
  0.00032848943181924  0.00034159045346097  0.00035488506664283  0.00036937182733444
  0.00038479729687281  0.00040231933108049  0.00041999843268761  0.00043727822936355
  0.00045541580628530  0.00047437972182114  0.00049303899565396  0.00051252634465429
  0.00053267891484693  0.00055371671216690  0.00057665577404894  0.00059985931290664
  0.00062155779423951  0.00064305552905031  0.00066581739922656  0.00068982092093974
  0.00071444393470484  0.00074068097402509  0.00076869315218937  0.00079664012197943
  0.00082526142430611  0.00085544306599844  0.00088700311862471  0.00092114971140834
  0.00095935095201560  0.00099759360200478  0.00103555523523712  0.00107723914022360
  0.00112325724400867  0.00117585616447010  0.00123658735491561  0.00130490086380918
  0.00139468810975590  0.00146716230697524  0.00160298778065208  0.00177086610894373
  0.00189460982591600  0.00199205160485303  0.00206738041819061  0.00217203328315453
  0.00226307618750535  0.00273721183949616  0.00624949561881155  1.00000000000000000
  0.00001897592032833  0.00002008897416657  0.00002138811857960  0.00002260738006509
  0.00002380215658774  0.00002505077401864  0.00002627032405072  0.00002752350947838
  0.00002881965221518  0.00003012490177470  0.00003148356667689  0.00003289503509288
  0.00003441222034112  0.00003609539686721  0.00003788225543413  0.00003968600715620
  0.00004153748733975  0.00004338741664818  0.00004528863386228  0.00004734516145635
  0.00004944429222463  0.00005169120875293  0.00005405709849383  0.00005661440996377
  0.00005948082351544  0.00006259972171661  0.00006585833556445  0.00006931866913272
  0.00007296623076739  0.00007693170159405  0.00008124470144948  0.00008580463793512
  0.00009059722045504  0.00009549162825428  0.00010075313852468  0.00010612405729670
  0.00011208844556692  0.00011829613785184  0.00012528131357109  0.00013306676727676
  0.00014105875084735  0.00014996961853771  0.00015871627739269  0.00016981001290688
  0.00018109593305454  0.00019423710512913  0.00020723327598161  0.00022188042757813
  0.00023760879194327  0.00025478811698792  0.00027255468445938  0.00029100035482129
  0.00031021378327214  0.00033041749106743  0.00035218279100692  0.00037666729178079
  0.00040350183692103  0.00043143854223248  0.00045907227661946  0.00048767372779899
  0.00051785414304425  0.00055215586216286  0.00058999424808822  0.00062947908499223
  0.00066709191922111  0.00070474461701906  0.00074287734132027  0.00078912149904847
  0.00083827285269740  0.00089337500518113  0.00094771757698492  0.00100988336188955
  0.00108374631148178  0.00115184623999349  0.00120712130846706  0.00125245570882588
  0.00129669640934288  0.00134431257181253  0.00139687552275809  0.00144488286230463
  0.00148943712315600  0.00153379239831695  0.00158418391648642  0.00170556659520350
  0.00180661836557458  0.00202269951852268  0.00221081999956218  0.00238232900934117
  0.00243517198420490  0.00246469951300201  0.00254396523466494  0.00270711887236697
  0.00291876950326863  0.00309145809743825  0.00324614672426262  1.00000000000000000
 -0.00342254362342928  0.01603632414756095  0.03146376669724837  0.04664912672902243
  0.06043334187826358  0.07186895073616528  0.08210419173739184  0.09257806016235773
  0.10429897286132916  0.11692470390163688  0.12911299210934732  0.14170762818961560
  0.15409540857807316  0.16646509099897927  0.17813895450972766  0.18984453034569079
  0.20126752252841729  0.21220186832135210  0.22272044945607281  0.23347857531058816
  0.24447887865820048  0.25599098793886371  0.26757694391323422  0.27874926378369158
  0.28969749903155279  0.30042202366098447  0.31119148559362902  0.32192163797853041
  0.33311286597515738  0.34531199969495319  0.35728746143737405  0.36855061989078958
  0.37981585133943735  0.39137669463725883  0.40282499041628406  0.41446466191447073
  0.42634697376750236  0.43808517420916943  0.44918188001756815  0.45965929074838152
  0.47031805745013483  0.48141982394901345  0.49326202199150365  0.50487898592465230
  0.51606116766660071  0.52686080504013677  0.53775277401444521  0.54876792436021415
  0.55918574813654909  0.56911353978050527  0.57858698325977675  0.58848106028861313
  0.59866672827006084  0.60917991525664239  0.61990617782175972  0.63040602141314894
  0.64020683353937591  0.64942698235396856  0.65843296021587894  0.66791083147102892
  0.67779168933955058  0.68772517990659177  0.69754586652047723  0.70744243890552427
  0.71716130742642747  0.72669751704171526  0.73583119383822782  0.74492158447797852
  0.75391276404193353  0.76276529788354064  0.77171070757266313  0.78117378406446047
  0.79100625138328762  0.80100828337967855  0.81090462017752274  0.82034752288979040
  0.82954093746718693  0.83848472926171136  0.84733810626421802  0.85612858681168125
  0.86495588805140711  0.87395170936331745  0.88317822178411787  0.89222837586952519
  0.90077147372475430  0.90887876133287138  0.91678107789743257  0.92465599140552313
  0.93275244816582925  0.94143135587333260  0.95055415047806746  0.95995174115907111
  0.96967972580295214  0.97964655227330411  0.98973215707481954  1.00000000000000000
 -0.00229664357412152  0.00916537060176956  0.01934843411520547  0.02944572529206169
  0.03942302465742720  0.04948536518319273  0.06001010472761247  0.07090635701540758
  0.08179909375627514  0.09311319838537892  0.10494141480746710  0.11622034473218586
  0.12727046108996840  0.13819172990920514  0.14873654093426472  0.15875761936712943
  0.16847530005189873  0.17823935069289626  0.18820417852055343  0.19848001575012802
  0.20909352499252318  0.21972128762618923  0.23013476282183890  0.24064249411636968
  0.25145123651658374  0.26288206957444549  0.27411907156386101  0.28517659445554799
  0.29613787512363215  0.30693858512143080  0.31721006083952707  0.32718601220475863
  0.33741738841234992  0.34818426727943119  0.35897489198643634  0.36938233939947102
  0.37987531821785092  0.39065585514544038  0.40171508296275299  0.41256892909349918
  0.42315727108963563  0.43366129699763462  0.44412691709013502  0.45441667820344805
  0.46489979037406548  0.47532422022879667  0.48565252253074603  0.49585821465131580
  0.50645632672047769  0.51741396001100948  0.52836934939323232  0.53895835359385380
  0.54955172271863306  0.56030523460464310  0.57068134657533243  0.58065389805506940
  0.59083356126332975  0.60111566059059840  0.61107419772398575  0.62077965237734400
  0.63099613431896606  0.64177317207267504  0.65268510639387045  0.66334592978401985
  0.67347716257544799  0.68359608357093149  0.69361987330590957  0.70395333931340354
  0.71444896629541998  0.72489012998548663  0.73514372945993600  0.74523301536732478
  0.75580964656509042  0.76683977504162171  0.77735984222949828  0.78773311236714516
  0.79798793399991830  0.80853626937300660  0.81903617359211145  0.82947778027251695
  0.84008815497321243  0.85086627730339304  0.86250975107030514  0.87405086579137459
  0.88518559370678729  0.89588267238615360  0.90596330716689177  0.91566000248778634
  0.92550472902899916  0.93586061538019849  0.94684105224281834  0.95745814501296500
  0.96768744296435194  0.97804985430268432  0.98867871966578924  1.00000000000000000
 -0.00243404321106859  0.00942011725353051  0.01971966623834764  0.03038054365782970
  0.04119260277365280  0.05191678065283225  0.06302389241711244  0.07362321634659337
  0.08409183891793215  0.09437227894936352  0.10493617456631497  0.11531965919744758
  0.12577149206088176  0.13644710663991960  0.14740589076634103  0.15856325338072622
  0.16982353932142061  0.18144690484227233  0.19301076082440230  0.20472918435739909
  0.21546776864893974  0.22630990990420102  0.23701342965042926  0.24829334432742964
  0.25933981283723284  0.26997507254115638  0.27996507591079856  0.29009240248681906
  0.30033803514163082  0.31068645304868248  0.32114838959733227  0.33159537604871103
  0.34216017352762074  0.35268883603097911  0.36308808792762642  0.37352538478090835
  0.38410515429853509  0.39489875031245619  0.40580031133839278  0.41645965125966511
  0.42653185886097805  0.43613702306587565  0.44577799354610675  0.45600641929892904
  0.46667907719781720  0.47678494360710122  0.48656765858366069  0.49637786115055199
  0.50641841802277587  0.51699759455024719  0.52768077498323762  0.53861498214653791
  0.54912793309879493  0.55925423214632386  0.56922190911070369  0.57913406213225682
  0.58920123493686483  0.59959538352797570  0.61013947181406847  0.62037083589157216
  0.63012527320259293  0.63970450054381800  0.64933622467950314  0.65884408420542939
  0.66863743026056544  0.67881542876477274  0.68951395333363374  0.70073587955973460
  0.71176777557103688  0.72221788784658347  0.73235604544068678  0.74203737308469864
  0.75159413136502295  0.76111374066851656  0.77123393315217181  0.78205493177759822
  0.79320020960406223  0.80418404096965779  0.81504046334956803  0.82552861734970462
  0.83592217365716692  0.84671778493152172  0.85761919944318976  0.86799163038836213
  0.87788280635622173  0.88790516531612518  0.89849839532777231  0.90898598614856185
  0.91992996466457788  0.93183639672006524  0.94383653053259198  0.95532228658669693
  0.96653104749077912  0.97759886480577673  0.98888690358821907  1.00000000000000000
  0.00685165108946941  0.05888349833723243  0.07768388987393272  0.09162068372720307
  0.10511301387821598  0.11849435251820976  0.13073492700738490  0.14304250382776970
  0.15561281464241983  0.16822286911847187  0.18125281893872439  0.19381598604271941
  0.20609082656537345  0.21833928496503743  0.23084012754868793  0.24394981677577426
  0.25676705974945491  0.26918684748837574  0.28137326571939214  0.29274794385897057
  0.30305457109351297  0.31289949031169079  0.32276812898104906  0.33281096907221241
  0.34294128861590306  0.35335104801127182  0.36399576291444419  0.37393379535473265
  0.38348416686021181  0.39309905599555062  0.40349868744065098  0.41461117533900077
  0.42505614691054544  0.43481920369219074  0.44406710430463864  0.45316823015929253
  0.46230481046891725  0.47151781097553586  0.48026053671697816  0.48857719624961671
  0.49680013910292314  0.50510827546883352  0.51388400940831103  0.52257642456097142
  0.53119827110528917  0.53992684367992805  0.54905617965583631  0.55835916821026665
  0.56760874198683808  0.57672027746396937  0.58559469237116335  0.59434400491008776
  0.60302971221719559  0.61167896903357066  0.62024020482772357  0.62843066388885571
  0.63642992184226943  0.64457851772291008  0.65335735207285783  0.66244604174978916
  0.67134185219308984  0.68015985262591672  0.68851278218460810  0.69698361705026579
  0.70514183059956625  0.71334075007883113  0.72135523140734747  0.72927109374803334
  0.73757498756776740  0.74590847091642609  0.75451830856299607  0.76282098005682308
  0.77096729528931307  0.77885678905104039  0.78683719760804494  0.79515757136514054
  0.80372052910808334  0.81236419969129603  0.82077785369640888  0.82926727133908784
  0.83789277475729396  0.84700475835459987  0.85611872755008145  0.86475263305537287
  0.87336943337467488  0.88204018187911493  0.89103628559996206  0.90066578848589651
  0.91002408401820079  0.91927843995086600  0.92868754804406284  0.93807246388159427
  0.94863053410732479  0.96074294236527302  0.97709827211242128  1.00000000000000000
 -0.01830101925918411  0.11908945204435376  0.16762451018500421  0.19772154904728814
  0.22156413091237759  0.24133303805018866  0.25937018319978478  0.27608778740710854
  0.29247478360179968  0.30819067575212383  0.32288094006044094  0.33614498095701023
  0.34828535066624999  0.35981075060451795  0.37126101607673923  0.38230231714055363
  0.39274498773328514  0.40235392932949826  0.41158518121808851  0.42043816907398729
  0.42925401785788042  0.43791424385371752  0.44616704128052531  0.45412542373384485
  0.46228437710307513  0.47068036711817379  0.47935262479121427  0.48801237752899757
  0.49640464821161651  0.50465340958577598  0.51260243411701656  0.52017174518207798
  0.52714223454423859  0.53387282052403406  0.54033173734724727  0.54648663758424276
  0.55256970296735652  0.55896407273965010  0.56568466589293753  0.57222599658365481
  0.57864014322419277  0.58519787132120638  0.59197490251129159  0.59872689221635156
  0.60519990843501947  0.61140378949626917  0.61758173582232423  0.62372289881802168
  0.62932231276511930  0.63494857018639128  0.64059346446208576  0.64662833353093541
  0.65268982065494507  0.65831649351778021  0.66384405115884748  0.66922590373346280
  0.67455817549754171  0.68013858494010071  0.68562338102238307  0.69152172587323979
  0.69761584846635194  0.70371980637029530  0.70985239477921835  0.71576075915778792
  0.72147768649148170  0.72708474499160491  0.73265591249096185  0.73822513389873790
  0.74368241036468896  0.74899003712577739  0.75417779977277921  0.75923578309904782
  0.76440191675635005  0.76982309884121303  0.77556412148685738  0.78141968497330605
  0.78708471394388146  0.79269639911203404  0.79834786151461268  0.80413315039002831
  0.81033386828547682  0.81666906253982552  0.82320905085809271  0.82988320886955824
  0.83667065465810120  0.84381856667320598  0.85115409151191246  0.85879720847425589
  0.86654052414208216  0.87443442872170496  0.88372873061320045  0.89414108440830742
  0.90675801251543675  0.92197425077128659  0.94484886928787071  1.00000000000000000
   1.6898964957411704E-002  -1.0000000000000000     
 T F F T T F F T F F T F F F T F F T F F F T F F T F F T T F F T T F F T T F F T F F T F F F T F F T F F F T F F T F F T T F F T
  <DiscreteSampler_grid>
  grouped_processes
  1 # 1 for a reference and 2 for a running grid.
  10 # Attribute 'min_bin_probing_points' of the grid.
  1 # Attribute 'grid_mode' of the grid. 1=='default',2=='initialization'
  0.0000000000000000 # Attribute 'small_contrib_threshold' of the grid.
  0.5000000000000000 # Attribute 'damping_power' of the grid.
 # binID   n_entries weight   weight_sqr   abs_weight
    31   10   1.264786417882580E+006   2.150832375521337E+012   1.264786417882580E+006
    32   10   1.264786417882580E+006   2.150832375521337E+012   1.264786417882580E+006
    40   18   3.610011274921978E+006   5.485106045195622E+013   3.610011274921978E+006
    41   18   3.610011274921983E+006   5.485106045195648E+013   3.610011274921983E+006
  </DiscreteSampler_grid>
