  0.00002101438322488  0.00002200100588347  0.00002264660510056  0.00002302477710240
  0.00002345332123989  0.00002389735156607  0.00002439654768941  0.00002494834879903
  0.00002547908843889  0.00002602052651486  0.00002662713469264  0.00002726822362740
  0.00002795943540356  0.00002867167608670  0.00002936044358030  0.00003007620321300
  0.00003089222687792  0.00003181466892612  0.00003278623832749  0.00003377287279789
  0.00003479764193661  0.00003589291089788  0.00003704840473678  0.00003827620474247
  0.00003958689208526  0.00004107582471061  0.00004264889665229  0.00004435989499285
  0.00004632350290140  0.00004849403464264  0.00005086282337319  0.00005346997378578
  0.00005624394709006  0.00005913808178648  0.00006233053562311  0.00006556925193561
  0.00006940225699927  0.00007331066189694  0.00007793081947740  0.00008261336879249
  0.00008793353793276  0.00009340233421801  0.00009952662031833  0.00010605667279985
  0.00011314870177592  0.00012059288709917  0.00012832585286182  0.00013660450510502
  0.00014566922619515  0.00015523513591197  0.00016564484559183  0.00017663100461448
  0.00018962196979990  0.00020294156557044  0.00021801316827041  0.00023285454720854
  0.00025014506500383  0.00026778545695657  0.00028770596922493  0.00030858834067332
  0.00033165408999393  0.00035596583334851  0.00038302367070440  0.00041272642264379
  0.00044387956359746  0.00047497597090474  0.00050760093445333  0.00054367848833530
  0.00058364033242255  0.00062241552111322  0.00066023194717752  0.00069876492384319
  0.00073744280563674  0.00077180718607996  0.00080641676528166  0.00084320984162879
  0.00088397547572792  0.00093064137944303  0.00098381374064115  0.00103443040882490
  0.00109370420185102  0.00116285701793549  0.00122680047226309  0.00129574434533017
  0.00136315533819532  0.00142961370449950  0.00149193237140657  0.00156539038689472
  0.00164660541730013  0.00173471395370177  0.00188351604566617  0.00223943988930778
  0.00292226843702703  0.00362032242729294  0.02238127965810281  1.00000000000000000
  0.00001874426353329  0.00001905457274477  0.00001948719824320  0.00002003761896668
  0.00002066814469642  0.00002129758751616  0.00002190643192475  0.00002251748024732
  0.00002315873317528  0.00002383963448544  0.00002454887104518  0.00002524411176104
  0.00002592326667813  0.00002662012743771  0.00002731998069030  0.00002802231073632
  0.00002872145047708  0.00002943569323267  0.00003019972929308  0.00003101275660000
  0.00003187666674992  0.00003275070044622  0.00003364182832476  0.00003460385679254
  0.00003572057582468  0.00003688038405402  0.00003806713554899  0.00003931485371349
  0.00004061878984303  0.00004195210751223  0.00004330250321083  0.00004469894490339
  0.00004618971568623  0.00004776668116623  0.00004937548703199  0.00005109076082380
  0.00005303735041440  0.00005500298109231  0.00005702063108425  0.00005911892936084
  0.00006130660886725  0.00006352497823423  0.00006593036562495  0.00006855879939608
  0.00007129845451809  0.00007409654447550  0.00007700904894133  0.00007996875667952
  0.00008290937195305  0.00008606947667939  0.00008926924216253  0.00009253247797563
  0.00009588534110769  0.00009959116835728  0.00010335775528278  0.00010722132823472
  0.00011138083379113  0.00011576544305274  0.00012028630602166  0.00012506405886626
  0.00013013237998454  0.00013544478973097  0.00014137584451011  0.00014823921077507
  0.00015566944642912  0.00016328886208665  0.00017081213467202  0.00017841583347554
  0.00018648714448219  0.00019516042771815  0.00020432683209315  0.00021437475829100
  0.00022513201470558  0.00023618260384187  0.00024912698594350  0.00026142538752221
  0.00027662501098973  0.00029181616354156  0.00030941153855665  0.00032811120262155
  0.00035069073461256  0.00037648749241904  0.00040799568994086  0.00044092183033673
  0.00048164854316894  0.00053229652271799  0.00059201570122551  0.00065047412621283
  0.00071416929813563  0.00079174258045834  0.00088960051401982  0.00103845035045546
  0.00125726479015850  0.00150872868018918  0.00196231729123884  1.00000000000000000
 -0.00217294810038499  0.00977064130580187  0.02018693758564116  0.03044151189738781
  0.04117109578370574  0.05209172422334363  0.06278960667699025  0.07291680165931819
  0.08334578795929838  0.09425887296249948  0.10466000961784275  0.11486772435279971
  0.12493533058116553  0.13567799206963191  0.14667632014078785  0.15792260350647777
  0.16881685366093688  0.17968081177804349  0.19037884418723131  0.20105190181077801
  0.21179558070451363  0.22253134610305589  0.23279087324537656  0.24274918997529826
  0.25314781989365542  0.26363142055669814  0.27388696555982239  0.28386620543213709
  0.29430848922561065  0.30436334950566568  0.31383621782765170  0.32292281068304307
  0.33269745631709641  0.34311620273750437  0.35377012870196395  0.36447148857160133
  0.37574033714627819  0.38747138971418588  0.39892572526141828  0.40977974177016069
  0.42046277599175941  0.43093729108428652  0.44113148719272782  0.45125345042016085
  0.46191616123939261  0.47272545599754762  0.48314281572831408  0.49286423322407469
  0.50262055955740215  0.51250224277146383  0.52278124998158371  0.53351420724763199
  0.54456519209767640  0.55628449270954228  0.56722846717422815  0.57797895867687576
  0.58838662031546907  0.59910035395810035  0.60940879184451668  0.61951491939663983
  0.62933572342732480  0.63900576143090682  0.64883198966172961  0.65853244556708534
  0.66742197375214318  0.67625534619800065  0.68519082031930811  0.69458402994135848
  0.70459998882036878  0.71456412597627450  0.72491856292296064  0.73567701451716427
  0.74711255659831455  0.75809752964938026  0.76843613839675451  0.77856989380982922
  0.78884421278012606  0.79934983034945672  0.81016524593571859  0.82136396658999933
  0.83289117842442739  0.84456180930539881  0.85604955161712615  0.86720447806407541
  0.87792023700641231  0.88824619775885671  0.89908669489604431  0.91041262006156587
  0.92126333421840056  0.93161064682017469  0.94226019614615630  0.95362714165761830
  0.96564278609285736  0.97697113402760749  0.98857971008299550  1.00000000000000000
 -0.00016833502487626  0.00050916369855297  0.00094791042869702  0.00127539422300024
  0.00157527485087660  0.00187672406715078  0.00218172423563498  0.00248445465855361
  0.00278591644409288  0.00308674513424967  0.00338431069858282  0.00367659094958841
  0.00396235872052454  0.00424539252405352  0.00452901118173727  0.00481617932836827
  0.00509481854602081  0.00536222775473208  0.00562764337017596  0.00590172735153499
  0.00619897441121630  0.00651407755003862  0.00683602545799770  0.00715273885772503
  0.00745980222061547  0.00776252477684631  0.00807302740679149  0.00837499167947226
  0.00868519426276696  0.00899274361999294  0.00929391914824324  0.00961656557004486
  0.00993741593175135  0.01027319050244639  0.01059362445333101  0.01090998132575806
  0.01123426580546462  0.01154648605414775  0.01187846540438971  0.01221846245039864
  0.01256420769948290  0.01292797181934439  0.01329014915995074  0.01362697531826050
  0.01395474080954491  0.01430255803011739  0.01466527970922331  0.01502712555077687
  0.01538518107958420  0.01570210596311054  0.01604289930154760  0.01634507155818050
  0.01663892248083548  0.01693969285522495  0.01725035497476773  0.01757226986426061
  0.01789556982139545  0.01821408294566916  0.01851424652291725  0.01886649672506206
  0.01925815704018025  0.01965495135539751  0.02003720216132598  0.02038445190124995
  0.02080136545537697  0.02121691350599099  0.02162560890264019  0.02201844658900657
  0.02240866556038757  0.02279793979085125  0.02321182371165882  0.02381962923179175
  0.02436278067554457  0.02488123436104869  0.02543504504849121  0.02608421229252711
  0.02706875765042813  0.02846864062443415  0.02979336500645592  0.03084488536540882
  0.03329402646347742  0.03697652529031729  0.03929851127216129  0.04234534768490174
  0.04553907046346323  0.04632798606280627  0.04722209268633196  0.04806150970184976
  0.04941909751751741  0.05185499753608619  0.05411549987458353  0.05538861055517712
  0.05743550848397777  0.06226782407457639  0.06587975359493600  1.00000000000000000
 -0.00324386176322924  0.01422211257772852  0.02956995810966668  0.04595729195494274
  0.06197127896436738  0.07722291430914417  0.09178088735711555  0.10635657931416448
  0.12127492461919925  0.13629867635110388  0.15104415991656359  0.16550308001492095
  0.17971096827914571  0.19377114240214757  0.20739799049194566  0.22012639273992163
  0.23188873402850022  0.24317371525543577  0.25421196187279382  0.26522820904861127
  0.27648098970624607  0.28696429948562480  0.29728563195909652  0.30690761656736409
  0.31684177585464962  0.32597629715738613  0.33488865403817553  0.34311575108508274
  0.35112587319097938  0.35905942410377284  0.36682150547377812  0.37460031528416415
  0.38211388659748585  0.38958495421600670  0.39753811919756898  0.40577463965011956
  0.41357168850722348  0.42063163843937801  0.42719485945472307  0.43366181990089825
  0.44030617100508984  0.44713163263467454  0.45412948400981562  0.46159611477068985
  0.46935463424541990  0.47726229849593149  0.48573566696411369  0.49391285569203847
  0.50183030909543036  0.50974258543051476  0.51744742468573579  0.52467867405898971
  0.53186313542478159  0.53856409205285316  0.54529247203213338  0.55260675077990562
  0.56010890361660304  0.56790537710853117  0.57593756780561189  0.58390869980103910
  0.59151431552040779  0.59893853667187003  0.60647410561320270  0.61494599485722679
  0.62341775749776918  0.63208669902430414  0.64018359872911523  0.64842483858827771
  0.65686859569526235  0.66583372958361431  0.67551412893098062  0.68524377436605810
  0.69549733196222474  0.70593079491763877  0.71698857555292295  0.72856554524302042
  0.74057085413230261  0.75249892242281380  0.76441215446960220  0.77664066130644560
  0.78936489808449517  0.80259876180171952  0.81594542915088220  0.82958920063894948
  0.84343412342989443  0.85689752797113039  0.87038408269951950  0.88432908330821736
  0.89884662957716666  0.91309646653910725  0.92667928262135402  0.94006101561469291
  0.95480515563585566  0.97057583108320689  0.98568250578228045  1.00000000000000000
  0.06272659324418543  0.09219792353059143  0.11372979867545820  0.14113618403834019
  0.16400015086376654  0.17913605179513542  0.19431368488153783  0.20907997703307518
  0.22415124342565440  0.23867550549775840  0.25413568985284285  0.26896380522757352
  0.28281119078400618  0.29634903720108202  0.30969394563187708  0.32290336636997879
  0.33631864559302788  0.35025963299423934  0.36389511346691078  0.37743767168546111
  0.39115756129011875  0.40424462763902036  0.41760718314921152  0.43204032447946389
  0.44646144390404729  0.45994688317221499  0.47333997289842483  0.48560922252518740
  0.49759512607387607  0.50995895677989955  0.52250651523480107  0.53407109038798650
  0.54552361386909154  0.55720398211673794  0.56916183353141636  0.58092360298626899
  0.59228215716942978  0.60329561751133842  0.61418935490344273  0.62498963217602543
  0.63559669598681112  0.64621941493293200  0.65675593280435451  0.66698524593046693
  0.67703356841950291  0.68737959472530996  0.69797637719928363  0.70824802875648840
  0.71803365851052614  0.72734005176014316  0.73657456646085540  0.74574464994443257
  0.75467366115969448  0.76331962387063446  0.77156849164598518  0.77951352137306207
  0.78711269112691273  0.79442612953727498  0.80125039752379112  0.80800376841190691
  0.81483063164333525  0.82166011773045056  0.82861190683905050  0.83537047256797081
  0.84219111963918114  0.84902778000563439  0.85598503200751053  0.86293519371866789
  0.86996556885389453  0.87638411306153563  0.88243710239106143  0.88840699936907130
  0.89424008629114249  0.89992954808922920  0.90572263179002743  0.91152764450493373
  0.91706535872883244  0.92221604404513624  0.92716922291015258  0.93212923342321907
  0.93686638554520085  0.94137393661781599  0.94580684131298309  0.95029298805458429
  0.95470343486860965  0.95900871744918936  0.96298061591026585  0.96682499647060016
  0.97062148633394973  0.97450123544079181  0.97850865900415773  0.98240482803695950
  0.98613943339713461  0.98996980324455153  0.99455741957979238  1.00000000000000000
 -0.01012109402052553  0.05456500256507239  0.08054215822972068  0.09810326753346266
  0.11106997677686646  0.12185926272549541  0.13101176974178422  0.13969947656909712
  0.14842724846045929  0.15659651010310427  0.16428953810641642  0.17184660186820835
  0.17898363123379440  0.18550414499452134  0.19152988454565195  0.19769766195328459
  0.20420018236330462  0.21062573899018108  0.21677571333514078  0.22250758915132818
  0.22814897156509562  0.23373110975773340  0.23933715046209073  0.24529379705155810
  0.25099829143585534  0.25679918165482296  0.26228221324460604  0.26750464654659722
  0.27269177596222038  0.27807957505708675  0.28365950546452917  0.28937904914008439
  0.29514102194572145  0.30093802190180308  0.30675036288415475  0.31241618123918663
  0.31786474516958912  0.32329087748116736  0.32883560972968567  0.33460566428468941
  0.33988388806064335  0.34500835503888139  0.35007157254875976  0.35523755752070657
  0.36091711080897576  0.36670926511722340  0.37253543741822714  0.37848806337943869
  0.38461772651687159  0.39091393570757482  0.39726393939065230  0.40362492999160626
  0.41015364179701802  0.41663808153548920  0.42309651408614030  0.42972415992166663
  0.43645580905502923  0.44329135895137178  0.45031001308497431  0.45724464618196731
  0.46379798824484475  0.47023750282710630  0.47665598992651237  0.48307008973752280
  0.48973861139222574  0.49662648997636522  0.50364836610116337  0.51064165892140567
  0.51741171353068993  0.52492299523615238  0.53288696007309888  0.54075898410631840
  0.54913160559411556  0.55778752078992366  0.56691488096850373  0.57640139000737245
  0.58569401180780845  0.59523774543645336  0.60527652725410697  0.61563982997715272
  0.62599144032709120  0.63615384357493787  0.64703776380240530  0.65918941423253075
  0.67185559332570666  0.68493207837439474  0.69876183070707909  0.71323844231366385
  0.72868102786611300  0.74495877234007124  0.76292483171688064  0.78234859041915605
  0.80498118544305686  0.83278900233406761  0.87357478695826729  1.00000000000000000
   1.0290907489396603       -1.0000000000000000     
 F T T F T F F T T F F T F T T F F T T F T F F T T F F T F T T F F T T F T F F T T F F T F T T F F T T F T F F T T F F T F T T F
  <DiscreteSampler_grid>
  grouped_processes
  1 # 1 for a reference and 2 for a running grid.
  10 # Attribute 'min_bin_probing_points' of the grid.
  1 # Attribute 'grid_mode' of the grid. 1=='default',2=='initialization'
  0.0000000000000000 # Attribute 'small_contrib_threshold' of the grid.
  0.5000000000000000 # Attribute 'damping_power' of the grid.
 # binID   n_entries weight   weight_sqr   abs_weight
    19   10   2.148544498090480E+007   3.808743028737412E+015   2.148544498090480E+007
    20   10   2.148544498090479E+007   3.808743028737409E+015   2.148544498090479E+007
    22   10   2.109644879784819E+007   3.743152692879917E+015   2.109644879784819E+007
    23   10   2.109644879784819E+007   3.743152692879917E+015   2.109644879784819E+007
    28   10   4.210689093204939E+007   1.495789892624130E+016   4.210689093204939E+007
    29   10   4.210689093204938E+007   1.495789892624128E+016   4.210689093204938E+007
    34   10   2.148544498090480E+007   3.808743028737414E+015   2.148544498090480E+007
    35   10   2.148544498090479E+007   3.808743028737410E+015   2.148544498090479E+007
    40   10   4.261931147093986E+007   1.516866813152316E+016   4.261931147093986E+007
    41   10   4.261931147093985E+007   1.516866813152315E+016   4.261931147093985E+007
    49   10   2.109644879784819E+007   3.743152692879917E+015   2.109644879784819E+007
    50   10   2.109644879784819E+007   3.743152692879917E+015   2.109644879784819E+007
    55   10   4.210689093204939E+007   1.495789892624130E+016   4.210689093204939E+007
    56   10   4.210689093204938E+007   1.495789892624128E+016   4.210689093204938E+007
    64   10   2.109644879784819E+007   3.743152692879918E+015   2.109644879784819E+007
    65   10   2.109644879784819E+007   3.743152692879917E+015   2.109644879784819E+007
    67   10   2.148544498090480E+007   3.808743028737412E+015   2.148544498090480E+007
    68   10   2.148544498090479E+007   3.808743028737410E+015   2.148544498090479E+007
    73   10   4.261931147093987E+007   1.516866813152316E+016   4.261931147093987E+007
    74   10   4.261931147093984E+007   1.516866813152315E+016   4.261931147093984E+007
    82   10   2.148544498090480E+007   3.808743028737414E+015   2.148544498090480E+007
    83   10   2.148544498090479E+007   3.808743028737410E+015   2.148544498090479E+007
    97   10   2.109644879784820E+007   3.743152692879920E+015   2.109644879784820E+007
    98   10   2.109644879784819E+007   3.743152692879915E+015   2.109644879784819E+007
  </DiscreteSampler_grid>
