  0.00001908729610883  0.00001926385122588  0.00001954467358747  0.00001983351603879
  0.00002012619086372  0.00002042306307047  0.00002072331092750  0.00002103080006170
  0.00002134045003803  0.00002164238836580  0.00002193874961910  0.00002223802874883
  0.00002254533399674  0.00002286459816483  0.00002321732486832  0.00002359681782299
  0.00002399418086026  0.00002436615405921  0.00002473535722069  0.00002509143253925
  0.00002544874212298  0.00002581386922790  0.00002618674719269  0.00002658023752682
  0.00002700434875524  0.00002743651257554  0.00002787213344940  0.00002828762936295
  0.00002870418705041  0.00002912861275006  0.00002955155668977  0.00002997334774596
  0.00003041205534937  0.00003100249414387  0.00003164062248791  0.00003229539637487
  0.00003295546544264  0.00003361193683807  0.00003424374399950  0.00003491692411560
  0.00003575619489523  0.00003655119729904  0.00003736911100090  0.00003821346358362
  0.00003911679432252  0.00004007574673613  0.00004107191449383  0.00004208543554483
  0.00004309377819490  0.00004411625925155  0.00004520559271635  0.00004635053364418
  0.00004754195017632  0.00004877870640668  0.00005007302052182  0.00005143799524669
  0.00005286082799398  0.00005428009090238  0.00005571230606021  0.00005718179376395
  0.00005872347573682  0.00006035348226829  0.00006204370562481  0.00006377937164782
  0.00006565031371025  0.00006776290941150  0.00007001656122669  0.00007235857661073
  0.00007484961886984  0.00007774606375474  0.00008070847126643  0.00008370136882680
  0.00008731342625972  0.00009127934421807  0.00009559458130185  0.00010025424195015
  0.00010507461620727  0.00011015718770906  0.00011575310053069  0.00012188209563480
  0.00012926769818049  0.00013727257054782  0.00014609392298281  0.00015600362058571
  0.00016812708468337  0.00018287717523746  0.00020142688048898  0.00022452434401266
  0.00025749233270796  0.00030186524415430  0.00037086075042669  0.00048480523613511
  0.00070957623611893  0.00146098437650987  0.00811203701215070  1.00000000000000000
 -0.00000558916243944  0.00012883966711827  0.00045541509497398  0.00106208379724976
  0.00196168107460520  0.00306622532308333  0.00439944086953978  0.00591903080437411
  0.00772459966116941  0.00967230974694766  0.01181724642090470  0.01410250250805415
  0.01650184120652285  0.01917181989417455  0.02201342615331075  0.02496231691339419
  0.02811359182731253  0.03151706980028719  0.03507674118628942  0.03883271989580700
  0.04287694230607940  0.04738666659364013  0.05241197387078154  0.05779691750104134
  0.06318064440335952  0.06849716549236988  0.07403559227630524  0.07990782962071404
  0.08589590832663065  0.09212699606202708  0.09842735421077964  0.10498796477264107
  0.11226173522288153  0.12063097311441832  0.12985043579749225  0.13917022084863506
  0.14833622097430385  0.15757713659591227  0.16754051849882748  0.17765062217657496
  0.18796683552255164  0.19858557798071039  0.20998309413933974  0.22157072386677562
  0.23337193963407660  0.24566759305502459  0.25892250403652783  0.27297014605656977
  0.28801210964958246  0.30362286485783874  0.31934990088473625  0.33535073918039887
  0.35158570849340315  0.36809104995700020  0.38505068075122634  0.40153553120770857
  0.41788474612944171  0.43510032329086967  0.45293264174540665  0.47287111416001321
  0.49324915859357732  0.51390732454374477  0.53487293209532416  0.55665546770242802
  0.57904619990967188  0.60039700550268915  0.62151557658697976  0.64272374181235858
  0.66385929181059522  0.68472515479502472  0.70440635298567766  0.72208652753240243
  0.73882042619482391  0.75521671188417816  0.77172842129940378  0.78710461587458480
  0.80149136890093364  0.81557924194242759  0.82948759672977146  0.84249532346486544
  0.85545724063787665  0.86807190290826508  0.88005296522565268  0.89114384828052984
  0.90215937030597571  0.91251793941583248  0.92251337491203622  0.93221656498114025
  0.94112390167595683  0.95003391245562052  0.95875003105017398  0.96721155173980866
  0.97543912618508199  0.98363155534296498  0.99181390057906382  1.00000000000000000
 -0.00244234096771594  0.01063523074747108  0.02320203664876619  0.03515117423794067
  0.04703842395787358  0.05843692442220692  0.06981808411223517  0.08053564274809354
  0.09043706141607129  0.09992630027773103  0.11006409749902053  0.12090824719889186
  0.13206731640218694  0.14301247527310043  0.15371486414690078  0.16477361864319343
  0.17640351314920463  0.18846286675967308  0.20069219004194397  0.21273488856841050
  0.22445869956171877  0.23567233947101973  0.24592595300303927  0.25635043261540713
  0.26728369843531363  0.27862258476390855  0.28956669874999080  0.30021802591164209
  0.31129118075273565  0.32240648704180930  0.33346851810255190  0.34352936416900781
  0.35386161535803723  0.36433728454357522  0.37508714419898320  0.38596432142702819
  0.39646343121713989  0.40734037490028752  0.41871882654852721  0.43037037354340640
  0.44205324860986034  0.45268209456147951  0.46181063496330466  0.46946711954282905
  0.47717757838387037  0.48453910742490347  0.49239466501045837  0.50047800184478020
  0.50910659582441775  0.51700439735353720  0.52508318011858457  0.53414859952767013
  0.54398435370313913  0.55522926509920756  0.56634294027081789  0.57720214562722405
  0.58806522129066297  0.59909682211915360  0.61070454632140836  0.62277434147229271
  0.63409836081304638  0.64483143998763193  0.65522199116082447  0.66559810421929022
  0.67569237725577846  0.68543698589096613  0.69534227319667896  0.70564961346402899
  0.71650806313495563  0.72768310763329958  0.73919216361849349  0.75081043538289360
  0.76224431480604682  0.77359495956003343  0.78456516101793672  0.79486564553218975
  0.80448247479195334  0.81407141587847354  0.82417268880649797  0.83459022785799186
  0.84530149978508151  0.85618503835547433  0.86738847035320898  0.87894006040078398
  0.89044210083244446  0.90270500201374126  0.91455341799340684  0.92527249920060162
  0.93476310833471510  0.94344531444778745  0.95222714671001640  0.96197059734723678
  0.97150393289971082  0.98000381608329179  0.98993236338089075  1.00000000000000000
  0.00672172534756664  0.02234832848179457  0.03817393598262951  0.05309388031049039
  0.06577171999504959  0.07979885641921373  0.09206610083355679  0.10418073707236597
  0.11570366617466477  0.12641275132240445  0.13616327766473851  0.14529944517348820
  0.15444182074283833  0.16368481115256492  0.17281530637548553  0.18091624551563204
  0.18823075623973590  0.19497082296405957  0.20162606155991619  0.20847107794547404
  0.21558983687674083  0.22308033169919123  0.23113746635384114  0.23964272707201473
  0.24866989728155189  0.25863761938505803  0.26885087172522271  0.27760503342136750
  0.28537869368234203  0.29349796363852992  0.30147844088443637  0.30945937503335164
  0.31774319853753874  0.32617307013148666  0.33536177683635160  0.34557983268734038
  0.35616680255832439  0.36680070434628242  0.37692120201948154  0.38656946206911319
  0.39663823752861926  0.40765282116556212  0.41939168354092976  0.43157607308439544
  0.44524393660762368  0.45981172815385563  0.47479705088997115  0.48841931617464535
  0.50179461579624440  0.51481772003581017  0.52794730770475184  0.54127604775860261
  0.55299172871223834  0.56531163335671286  0.57590144747017935  0.58753739749938216
  0.59777815322520200  0.60843660089975493  0.61932125821865824  0.63031624775869877
  0.64103616681095243  0.65190084467078835  0.66331373929619442  0.67449634363818323
  0.68543808939249662  0.69590856149274138  0.70640574015190871  0.71721658849218861
  0.72760525625979011  0.73644510056224821  0.74405360687071764  0.75170598105779929
  0.75960922630666594  0.76779911129542122  0.77537014021291784  0.78244929006743646
  0.78968376048647138  0.79789164642153887  0.80602088591200893  0.81365631983330933
  0.82162964981892950  0.82975845010225946  0.83751744647566495  0.84557853395001592
  0.85462997727835843  0.86509270853928144  0.87494697701139512  0.88401496094163201
  0.89297426570336691  0.90236447964951627  0.91211847100452148  0.92224046646318070
  0.93211654742958538  0.94562292552890659  0.96330153789239004  1.00000000000000000
 -0.00297547335242729  0.01092281834764836  0.02262233913126453  0.03434096882431781
  0.04532412103596475  0.05573248923120214  0.06549680574087242  0.07506134226007212
  0.08459232727098467  0.09425461898341037  0.10416904415146279  0.11554551658063324
  0.12774499810128440  0.13916335201081598  0.15036364548221845  0.16121146480542881
  0.17188717873137266  0.18282421330711307  0.19420130349912065  0.20620985787914126
  0.21808023993217554  0.22975643712684585  0.24114627658564600  0.25208732061866224
  0.26260856899953233  0.27310717370490695  0.28358408102059074  0.29416215593910455
  0.30536274322420720  0.31662112384907110  0.32721379061172917  0.33775527519546783
  0.34826232603728802  0.35826586277643219  0.36761595649641027  0.37703922550200486
  0.38761470832515016  0.39858675609613975  0.40953715516255507  0.42121825786730799
  0.43382400465040011  0.44660362807560078  0.45851301523826415  0.46891561339370375
  0.47936759328262873  0.49011868665532043  0.49980421751879167  0.50956233431505382
  0.51897819385147281  0.52912912101225096  0.53911003987594808  0.54912237345168524
  0.55909242242814816  0.56798141241513933  0.57561208609597303  0.58365412655517124
  0.59203045683502187  0.60088696592153368  0.60944370598489361  0.61782059666869249
  0.62575916282091026  0.63513595520687416  0.64418779095372813  0.65310415766255325
  0.66164528232059239  0.67074855144889711  0.68060777423185681  0.69211046166574264
  0.70823062149488947  0.72434853655219689  0.74063260662866770  0.75315778966081670
  0.76283652362514731  0.77259047716612128  0.78217678571587912  0.79121602085394183
  0.79990781657304166  0.80823293519759221  0.81792089136675217  0.82942540756444061
  0.84122982967012738  0.85249742158225761  0.86385995040897945  0.87387722748501295
  0.88323718686710451  0.89246042409514570  0.90139551911567484  0.91044043030728761
  0.91997079447647778  0.93133056208908960  0.94289329314743797  0.95391795234334220
  0.96435182845339773  0.97593569932485080  0.98722675112533187  1.00000000000000000
  0.21054451639776983  0.22163925149837491  0.23112983331221110  0.23897626211546080
  0.24690722528852288  0.25682226507778916  0.26819237036823296  0.27535974426582721
  0.28081386733972208  0.28677450632877721  0.29262052501840558  0.29813597694249266
  0.30356773920583874  0.30902739494357923  0.31561054735929517  0.32292941782011397
  0.32889435720649890  0.33457285288339644  0.34156902755912566  0.34830850758931070
  0.35486128299264375  0.36096098747077182  0.36708688991762772  0.37332050008185530
  0.38032780323867926  0.38963690809128554  0.39817158795145807  0.40622936430312528
  0.41382751004834523  0.42084510807703013  0.42784962678292987  0.43457013862984306
  0.44111519559151841  0.44773585903001889  0.45384541674048517  0.46021852290224124
  0.46650317836488547  0.47301069602422235  0.47980926409419916  0.48738656306175848
  0.49461201741753552  0.50279477804996142  0.51200880258508841  0.52155054578395876
  0.53084410997538545  0.53969779943179075  0.54811440059090077  0.55544668656047735
  0.56238348659969806  0.56844517247900339  0.57442035514682055  0.58092672114049959
  0.58747528569712748  0.59431414742630584  0.60134561208710446  0.60803352318418902
  0.61426227137459344  0.62035317532405909  0.62653586612089196  0.63377089551754284
  0.64089421974350014  0.64829142519942007  0.65588367830581729  0.66366333196263705
  0.67131660899645018  0.67897886208948532  0.68675161438061172  0.69417541042183062
  0.70155944638387435  0.70899116404891982  0.71672680277768630  0.72421186971414409
  0.73299637126683748  0.74285072518113537  0.75196786111498892  0.76052343172555725
  0.76858110364273591  0.77648100846917345  0.78434124334497868  0.79243692628867546
  0.80092172058913502  0.80969816162076036  0.81900355360787491  0.82889441880472525
  0.83898753058017694  0.84952163152792870  0.86042900274567180  0.87198915681304445
  0.88402871690484031  0.89706297884794117  0.91123928151081834  0.92662613209751232
  0.94301184624289769  0.96099703319232277  0.97950423322290914  1.00000000000000000
 -0.01807883111689635  0.10058858268909547  0.13387894968737576  0.15611756572576879
  0.17354211263627431  0.18745530760807677  0.20135027385324225  0.21450553844743980
  0.22648958800269597  0.23725612141806410  0.24801922983496302  0.25855551338162613
  0.26894670803619075  0.27888934267828586  0.28800168837214662  0.29646932298984435
  0.30456373637870449  0.31232150283039867  0.31963843099731859  0.32661546123754698
  0.33349603684464468  0.34071972898536301  0.34856867426305788  0.35709655816263242
  0.36615774219308567  0.37480091813844668  0.38221856634541679  0.38900027517389396
  0.39568950488001398  0.40196112139361173  0.40853786062052372  0.41522285627546257
  0.42127641637951596  0.42680866762618391  0.43211033150422112  0.43713537954615089
  0.44179648348772887  0.44645389999194973  0.45132644718687409  0.45631304045821752
  0.46140626539373675  0.46682817210366689  0.47218684845233516  0.47765142405185906
  0.48298783278685264  0.48787174509240189  0.49250032434152369  0.49700609644463245
  0.50178003923791481  0.50689418530648023  0.51243619509445981  0.51798974999571168
  0.52348749776008596  0.52913226806237068  0.53473821382311881  0.54015914661607867
  0.54586150853614557  0.55166124573320774  0.55741100251239417  0.56324253362052601
  0.56993553877604408  0.57684946804983517  0.58369704911906206  0.59050358095305833
  0.59717992684502208  0.60346641376207688  0.60926836001385398  0.61488615375301381
  0.62076198609930044  0.62685930620868713  0.63343604768964712  0.64013732737711937
  0.64673983031702897  0.65321480054393077  0.65953209162756188  0.66596944645356526
  0.67291986508818147  0.68038705753508344  0.68804667148165022  0.69587019183762711
  0.70405318457622934  0.71256080946970135  0.72093286974014370  0.72958931255669623
  0.73882431994189590  0.74796512741873589  0.75736145377126141  0.76724101544279133
  0.77888153212391109  0.79195705776559222  0.80607494447361716  0.82295434927379651
  0.84156281583928305  0.86444449017046632  0.90021830545095105  1.00000000000000000
   2.3069175411266532E-002  -1.0000000000000000     
 T F F T F F F F T F F T T F F T T F F T T F F T F F F F T F F T F F F F F F F F F F F F F F F F F F F F F F F F F F F F F F F F
  <DiscreteSampler_grid>
  grouped_processes
  1 # 1 for a reference and 2 for a running grid.
  10 # Attribute 'min_bin_probing_points' of the grid.
  1 # Attribute 'grid_mode' of the grid. 1=='default',2=='initialization'
  0.0000000000000000 # Attribute 'small_contrib_threshold' of the grid.
  0.5000000000000000 # Attribute 'damping_power' of the grid.
 # binID   n_entries weight   weight_sqr   abs_weight
    10   10   1.887878302103945E+006   7.823591182759209E+012   1.887878302103945E+006
  </DiscreteSampler_grid>
