  0.00001871073433703  0.00001979115846787  0.00002026960255543  0.00002070085462800
  0.00002111198629949  0.00002154528255872  0.00002200035676218  0.00002245668041742
  0.00002294197099570  0.00002350704167991  0.00002407782998545  0.00002460702008993
  0.00002513373438119  0.00002569315406276  0.00002627191910292  0.00002686929136786
  0.00002752785224127  0.00002820747458957  0.00002890590632697  0.00002963600146963
  0.00003038944116687  0.00003117430318382  0.00003195083992817  0.00003272174203583
  0.00003350550592161  0.00003433438704029  0.00003520133806114  0.00003612542831086
  0.00003703517166004  0.00003795738947550  0.00003888967874118  0.00003987311437617
  0.00004098182021456  0.00004205099612714  0.00004314424127585  0.00004424180820223
  0.00004542671275366  0.00004664504125415  0.00004789339615854  0.00004916784650596
  0.00005048882667122  0.00005194189006620  0.00005351230753539  0.00005511576670729
  0.00005669984504617  0.00005837916590384  0.00006015236562438  0.00006199143601712
  0.00006394188416238  0.00006607657002023  0.00006833030227401  0.00007057088012817
  0.00007275521093852  0.00007500885002500  0.00007726278327709  0.00007969666702935
  0.00008225492710844  0.00008518225313149  0.00008838214998871  0.00009160566959791
  0.00009487740413549  0.00009820268537400  0.00010156969616022  0.00010493994170812
  0.00010868985181933  0.00011301066493212  0.00011764383391349  0.00012241969216690
  0.00012767772820036  0.00013329799944842  0.00013889777105776  0.00014602324180571
  0.00015343221119632  0.00016152064878417  0.00017047093204195  0.00017996929507717
  0.00019064084877747  0.00020259082888001  0.00021595919174641  0.00023030899994041
  0.00024660624320112  0.00026480693429220  0.00028594763233544  0.00031089763425662
  0.00033963763152635  0.00037572859788336  0.00042106070284603  0.00047611220552080
  0.00054915624573193  0.00065289108084363  0.00077650667480534  0.00095079109172374
  0.00128623055375946  0.00213055111270608  0.02271397496607669  1.00000000000000000
 -0.00000595962644313  0.00013970935176929  0.00052856851450094  0.00123232566674301
  0.00222243928627054  0.00353335872147203  0.00510786227675266  0.00683955778428008
  0.00893871171771191  0.01123811079908452  0.01380979155923590  0.01649582008064135
  0.01932220765404591  0.02236891395074926  0.02563560907459748  0.02913420913787093
  0.03273752931699496  0.03651557066218828  0.04031906269224106  0.04435093985813982
  0.04869379746476066  0.05321457559984338  0.05794099246404230  0.06274756787204655
  0.06770810797593557  0.07283027449538221  0.07812300298836292  0.08379215407234200
  0.08954511086345258  0.09587112791350652  0.10234513696362073  0.10916105652471304
  0.11658666680210095  0.12462422645089292  0.13345854700307033  0.14230187152917573
  0.15108536574084963  0.15966355364080664  0.16837872449723085  0.17747920118144345
  0.18717680383206950  0.19745173137467203  0.20818642612496607  0.21957863125793822
  0.23169462784695055  0.24434725443549848  0.25730465551640436  0.27051244819479736
  0.28426988076299725  0.29857827475153237  0.31264803475526565  0.32671862646938132
  0.34067072619153815  0.35505477820462084  0.36969561233000514  0.38439818516399582
  0.39906959718283064  0.41453207499547245  0.43133777572674775  0.44886577803882183
  0.46638424625270486  0.48409409555721405  0.50175213605311453  0.51808799387921467
  0.53557871083919861  0.55375352127767674  0.57245034884360813  0.59168730650431645
  0.61134012899642765  0.63079354756348316  0.64929603389522694  0.66655813581228907
  0.68325760992430074  0.69997030853457964  0.71698514950870895  0.73419494994071732
  0.75103467631930765  0.76695913439129570  0.78248297016537105  0.79799646232177834
  0.81333397042070377  0.82816033872860406  0.84201663558768591  0.85568974485253646
  0.86904875949259852  0.88217306166226339  0.89518443490760358  0.90828138332666308
  0.92116852071700928  0.93363225070260381  0.94543235508263157  0.95703888877406262
  0.96845964413704211  0.97906648701970855  0.98957558830477721  1.00000000000000000
 -0.00203980630854576  0.00730781205989915  0.01697034238019930  0.02672466984981005
  0.03844926515401953  0.05024016347233518  0.06176674301837771  0.07274390059259367
  0.08344260696978738  0.09453854382704813  0.10590444892267840  0.11885855166484424
  0.13054673292320615  0.14227110721057207  0.15248467942838548  0.16131715655838247
  0.17000193476187600  0.17887156856757216  0.18858791252022181  0.19844232152657484
  0.20858096531040565  0.21969752073181614  0.23155569966963138  0.24355486130344081
  0.25462062618270725  0.26491049770870656  0.27540844722787394  0.28613544870629171
  0.29739318898734191  0.30801555887883481  0.31844377053607559  0.32916004560231843
  0.34020702266573527  0.35113962134073190  0.36116820841159536  0.37082409885558265
  0.38055252810045265  0.39052774581116034  0.40040648885839930  0.40957056072106135
  0.41865249571000407  0.42825647504775233  0.43818825114832322  0.44842743038162713
  0.45851932844779886  0.46897828592655105  0.47900969207691224  0.48860173620127922
  0.49830916393267505  0.50775902032777998  0.51725952730118607  0.52656146247713786
  0.53606662961604634  0.54579659885294940  0.55582927972058427  0.56612564111779307
  0.57701206657888704  0.58814003231869694  0.59978415150366693  0.61120115143588749
  0.62141466368754250  0.63105600546507190  0.64084387949018784  0.65177519385974236
  0.66306455531371811  0.67401523098855542  0.68423282478934211  0.69438093500811715
  0.70476401693025292  0.71482037322869429  0.72493081656882652  0.73528402798892467
  0.74589211560112445  0.75662854298582805  0.76761273162824428  0.77895127586325252
  0.79043931994765426  0.80131415323935984  0.81202986915660880  0.82253826082456583
  0.83323099119465904  0.84460390861101475  0.85624440747742225  0.86713715715240047
  0.87800167732209522  0.88862880579769876  0.89952624295114592  0.91023957395729094
  0.92154049644446501  0.93328342994688351  0.94510771448977970  0.95680656486934768
  0.96804043836162967  0.97863563442244139  0.98914956620505623  1.00000000000000000
 -0.00284955402481302  0.03920114809249260  0.05323997374832604  0.06696215275583144
  0.08027587156565251  0.09141269917708415  0.10143372513130783  0.11192374509830420
  0.12255526061379982  0.13345386067408049  0.14452855019806690  0.15759507560805108
  0.16896919812138575  0.17852128404993922  0.18800450746397587  0.19848981963181245
  0.20884947206335883  0.21797842819283553  0.22683516385601393  0.23632391139827816
  0.24685006085339181  0.25643184740716851  0.26495358279909692  0.27317178219775590
  0.28180874622788049  0.29173879320773155  0.30263111953475996  0.31306580204775569
  0.32310849973483841  0.33356409005454601  0.34403361503104030  0.35384774949444897
  0.36340599720456768  0.37322519867797926  0.38463751317471118  0.39714242384239518
  0.41016775177902720  0.42263865149507124  0.43399400316379333  0.44495982311093729
  0.45656959300390582  0.46861130790025834  0.48106575137200480  0.49405036396827223
  0.50770505053604209  0.52161838853639098  0.53595230780755321  0.55101511428567740
  0.56614545678915040  0.58041145873369526  0.59366794408787604  0.60628342570318250
  0.61878179265586797  0.63146045518698402  0.64451906662873659  0.65786433220591278
  0.67045843042651621  0.68236545826257955  0.69392895626105489  0.70534395430434926
  0.71671747206607850  0.72842973342748873  0.74013290921132802  0.75191368518972279
  0.76374255365889687  0.77535008326048471  0.78669002296034751  0.79767560627675260
  0.80855661881868235  0.81933012693342822  0.82971241348398983  0.83989784155687597
  0.84961050597529819  0.85940450261115275  0.86901649082279386  0.87837749414251309
  0.88754141293445477  0.89639580336364555  0.90419381936551879  0.91127661350550127
  0.91788075599058305  0.92417596454112183  0.93027921929592050  0.93580166122040453
  0.94084108382244658  0.94574373946223145  0.95079613342806635  0.95607424196808699
  0.96145986979353670  0.96695165670833105  0.97245473987283415  0.97754573552675950
  0.98291392949367207  0.98833406850918659  0.99398874179626084  1.00000000000000000
 -0.00219772480784136  0.00952568619453979  0.01851640442730542  0.02776724820243421
  0.03767299645892902  0.04870315122755996  0.06031150783497084  0.07197686903236693
  0.08333740613677844  0.09428978621226018  0.10487246033924669  0.11506646748044073
  0.12526839716332491  0.13597581623578814  0.14710465008751866  0.15842062455874731
  0.16954424206512403  0.18027752548001702  0.19042118137731692  0.20008347958609021
  0.21017816888106133  0.22008508254333548  0.23001994008202001  0.24006226267930750
  0.25014268971634485  0.26039952235467673  0.27030596770164222  0.27981110414251475
  0.28934018727924316  0.29945115772146597  0.30984140842019642  0.32038602081816159
  0.33139158268784569  0.34296125164870395  0.35488270673938088  0.36562877517489040
  0.37570321202163026  0.38599156018374164  0.39676824403222016  0.40846712252195416
  0.42081988189070413  0.43402117553033914  0.44545306900083087  0.45632673800328988
  0.46660654991725453  0.47685640467499030  0.48719333810346688  0.49768705850561301
  0.50926253906342611  0.52110704875656155  0.53201483660289328  0.54272778363875562
  0.55307549746890827  0.56379243538365331  0.57442622548212863  0.58602566534841094
  0.59799974263652456  0.60984900553157828  0.62144874584277388  0.63243820863845990
  0.64345287986038280  0.65389529559143633  0.66503123885078985  0.67486393999962380
  0.68414455401609242  0.69298115520243120  0.70191480117984639  0.71109860066449326
  0.72082651865679259  0.73119125196666668  0.74202946757282284  0.75272668163833989
  0.76320191070406995  0.77420659112048107  0.78534763257555218  0.79580641627790416
  0.80601228028456162  0.81633032596692512  0.82690279281774104  0.83753312518666456
  0.84810293307528772  0.85904140150895691  0.86907398035917993  0.87931924276479789
  0.88990333040450842  0.90153353425533189  0.91347307977927350  0.92465414681665181
  0.93498746589883586  0.94445961496950415  0.95346375133609262  0.96227002588287158
  0.97127658437932030  0.98084421100437680  0.99049426944643504  1.00000000000000000
  0.12642959247910374  0.14417790427470045  0.15175795250754759  0.15793944077372757
  0.16264858209731201  0.16835544313162759  0.17537132237046718  0.18198559755091528
  0.19160886085641424  0.20267593255774041  0.21163350968444125  0.21815493409929235
  0.22459075633295320  0.23246197075685832  0.24071913606201795  0.24792915973932261
  0.25545822350921432  0.26269116035658618  0.27168393523540674  0.28193517903710591
  0.29192135265481273  0.30065099203498741  0.30914809604446780  0.31643708346191368
  0.32259676845742685  0.32863660595881788  0.33460603890964657  0.34078634099594024
  0.34713907556309592  0.35354336693003113  0.35997126145505315  0.36662350071913802
  0.37342523712034759  0.38057476681547603  0.38775174974269344  0.39473959759573007
  0.40175377443461252  0.40921105560794768  0.41678964150045728  0.42395719430338707
  0.43066827683622438  0.43753520283087172  0.44451698632034647  0.45113173766360520
  0.45758664537992821  0.46407422141500310  0.47062176229990732  0.47726825690213809
  0.48368479302246625  0.49052543167788315  0.49793611977224506  0.50612978561590349
  0.51477275139919743  0.52323326832395034  0.53195526585349928  0.54054478522824034
  0.54907982752416495  0.55742885451831903  0.56573044132410466  0.57419367829420653
  0.58244828427224815  0.59042772433326329  0.59852113730705658  0.60718770556199619
  0.61636931334523748  0.62598477475497005  0.63573094910892036  0.64567918988071682
  0.65523354237107212  0.66452215366819789  0.67409112494964907  0.68390810162603233
  0.69339677244463671  0.70244517210584989  0.71202216911181759  0.72207600813238670
  0.73266169378966406  0.74332667086588800  0.75415486781692032  0.76516931396419485
  0.77644418907727863  0.78819037534643388  0.80028027979782523  0.81225572908151489
  0.82382253703703912  0.83541509976566852  0.84755972097748777  0.86054770001026304
  0.87467484087985181  0.88973188059763109  0.90596867230187861  0.92368702515221557
  0.93989558403881157  0.95636065405847537  0.97537959379983619  1.00000000000000000
 -0.00917961383741734  0.05367365487330767  0.07765979541866802  0.09385858803521450
  0.10649281633871557  0.11672117278879528  0.12606899545601274  0.13544996045358337
  0.14472899350246107  0.15349179151409259  0.16164850122850929  0.16959111472676419
  0.17725061111169502  0.18451266590641846  0.19137565466351333  0.19791482748586181
  0.20446019014067068  0.21050239581807315  0.21682225992637205  0.22349566212213243
  0.23020383319742072  0.23661539045874150  0.24275222840990496  0.24881666305974090
  0.25457633985028533  0.26023600037767219  0.26565214091895756  0.27081290980883177
  0.27602561020750077  0.28156927277552884  0.28739619570559816  0.29325668863275473
  0.29899333778606596  0.30460735598157279  0.31025652482028843  0.31591636940133355
  0.32143173909289113  0.32729189635102363  0.33267025774803066  0.33807380295145473
  0.34298134249085904  0.34810506887142878  0.35308603422987211  0.35820441138669773
  0.36351421534774986  0.36892114456363023  0.37464742182676342  0.38043187270218576
  0.38611077615842393  0.39165840916750921  0.39741383892406057  0.40338390879065045
  0.40949677501800352  0.41588128102127930  0.42253742908361641  0.42968724079296511
  0.43749892591839606  0.44554187857820260  0.45304561097857859  0.46023176731812793
  0.46754790901727405  0.47495982905979878  0.48281574567031005  0.49001399123097089
  0.49750892668496666  0.50528159881517043  0.51369451515648801  0.52211724979788487
  0.52989350533741431  0.53767049796650768  0.54590173201690628  0.55444791876270760
  0.56274485598615376  0.57101747401772196  0.57910902564533795  0.58804762121947829
  0.59744810212129729  0.60731640317939029  0.61757965501853740  0.62777319949353450
  0.63822443005654117  0.64923945242464354  0.66032108718885274  0.67144745826675456
  0.68251372404229294  0.69406981939008572  0.70683270656509734  0.72114481305735201
  0.73614728832587040  0.75171156621670798  0.76956580311197564  0.78911752337217111
  0.81263194244383286  0.84094268732348254  0.88280776570354880  1.00000000000000000
   4.6463194517043380E-002  -1.0000000000000000     
 F T T F T F F T T F F T F T T F F T T F T F F T T F F T F T T F F T T F T F F T T F F T F T T F F T T F T F F T T F F T F T T F
  <DiscreteSampler_grid>
  grouped_processes
  1 # 1 for a reference and 2 for a running grid.
  10 # Attribute 'min_bin_probing_points' of the grid.
  1 # Attribute 'grid_mode' of the grid. 1=='default',2=='initialization'
  0.0000000000000000 # Attribute 'small_contrib_threshold' of the grid.
  0.5000000000000000 # Attribute 'damping_power' of the grid.
 # binID   n_entries weight   weight_sqr   abs_weight
    19   10   2.497553803163897E+005   1.376813089275269E+011   2.497553803163897E+005
    20   10   2.497553803163894E+005   1.376813089275266E+011   2.497553803163894E+005
    22   10   1.633354653116304E+005   6.810404861707944E+010   1.633354653116304E+005
    23   10   1.633354653116303E+005   6.810404861707928E+010   1.633354653116303E+005
    28   10   5.435345086046492E+005   6.394743041641824E+011   5.435345086046492E+005
    29   10   5.435345086046490E+005   6.394743041641809E+011   5.435345086046490E+005
    34   10   2.497553803163896E+005   1.376813089275269E+011   2.497553803163896E+005
    35   10   2.497553803163894E+005   1.376813089275266E+011   2.497553803163894E+005
    40   10   4.605215461289460E+005   4.617322028751927E+011   4.605215461289460E+005
    41   10   4.605215461289457E+005   4.617322028751918E+011   4.605215461289457E+005
    52   10   1.633354653116304E+005   6.810404861707941E+010   1.633354653116304E+005
    53   10   1.633354653116302E+005   6.810404861707928E+010   1.633354653116302E+005
  </DiscreteSampler_grid>
