  0.00002048491633671  0.00002259790098460  0.00002285306838178  0.00002312368417074
  0.00002344784575039  0.00002377644095637  0.00002413402356572  0.00002451861096964
  0.00002490449819844  0.00002529329456814  0.00002569397251765  0.00002611152349114
  0.00002655399476921  0.00002702212129786  0.00002750334812827  0.00002801423777048
  0.00002855456673503  0.00002910362390374  0.00002966196458143  0.00003027844074558
  0.00003099059099720  0.00003181528598993  0.00003265169631540  0.00003357377183351
  0.00003452325660883  0.00003554201141862  0.00003667481911082  0.00003788423885060
  0.00003914800125091  0.00004052907946616  0.00004196443838663  0.00004344728314812
  0.00004495543623834  0.00004657929687428  0.00004832762881871  0.00005015599059354
  0.00005234904373599  0.00005458432408315  0.00005683118881871  0.00005918893591598
  0.00006161962008180  0.00006406743787170  0.00006659522435084  0.00006927207625967
  0.00007206925422259  0.00007526237468666  0.00007870306003637  0.00008218720995056
  0.00008580739120761  0.00008980770123326  0.00009401508001248  0.00009837621833525
  0.00010284910100485  0.00010751389172644  0.00011239619009450  0.00011741196831257
  0.00012275588100459  0.00012869409094665  0.00013487302908325  0.00014155353709178
  0.00014927830593084  0.00015744525328893  0.00016628335891759  0.00017556603674068
  0.00018538858486436  0.00019622516218840  0.00020759491313769  0.00022116683981985
  0.00023519356564809  0.00025068358086662  0.00026618392988737  0.00028442134580437
  0.00030456522753209  0.00032796803019134  0.00035338056265261  0.00038258300660963
  0.00041570015429086  0.00045231941799422  0.00049327039201109  0.00054312879667523
  0.00060188673975880  0.00066192000581565  0.00072019909716760  0.00077945564388171
  0.00084438302804576  0.00092802716511805  0.00103670878131285  0.00112961474092018
  0.00121557712972577  0.00131482453768127  0.00143738944157421  0.00156376394121276
  0.00172010046396575  0.00188211531947226  0.00197949773099364  1.00000000000000000
  0.00001862125144204  0.00001891987079717  0.00001934254762744  0.00001974597223954
  0.00002007432841343  0.00002039343766154  0.00002072073207037  0.00002110420225568
  0.00002154230105693  0.00002206449491573  0.00002256273814154  0.00002301706822089
  0.00002345253817425  0.00002392339785125  0.00002447937817006  0.00002506050677604
  0.00002561556816824  0.00002616943731324  0.00002675501787866  0.00002740883237944
  0.00002808869425512  0.00002877231169126  0.00002945657114087  0.00003012450656335
  0.00003080063757489  0.00003152892126487  0.00003223363960303  0.00003299907208691
  0.00003379063375761  0.00003466362050859  0.00003561979838830  0.00003662841808926
  0.00003766724827034  0.00003871807264912  0.00003986364513927  0.00004109906870202
  0.00004236849842687  0.00004360344216035  0.00004486958825106  0.00004623039391870
  0.00004761342508298  0.00004903955905140  0.00005050798884373  0.00005198656203772
  0.00005363475304606  0.00005530202109426  0.00005710904257708  0.00005905414572072
  0.00006111567338402  0.00006316156292258  0.00006533537104853  0.00006770392282689
  0.00007019283187654  0.00007274705332379  0.00007544427697087  0.00007832929649710
  0.00008131981420431  0.00008452445286292  0.00008783622956984  0.00009130953600496
  0.00009493779873128  0.00009898597579871  0.00010336902052261  0.00010794821881638
  0.00011310695529100  0.00011855454069320  0.00012427407162157  0.00013060590547341
  0.00013739877307671  0.00014502806120397  0.00015326319392284  0.00016187220954784
  0.00017156191501418  0.00018225688629034  0.00019432039133717  0.00020812628557878
  0.00022375005302436  0.00024113768922102  0.00026029302236998  0.00028221589531439
  0.00030830919551797  0.00033910696734647  0.00037566472241148  0.00042239100089349
  0.00047614002910180  0.00053922053239044  0.00061454192307419  0.00070666374206643
  0.00082301679906069  0.00098592877085608  0.00117051282487110  0.00141399404589030
  0.00186335142065270  0.00241539700940255  0.00290528321784857  1.00000000000000000
 -0.00219989559128155  0.01064702636083187  0.02143174359279579  0.03244265963607476
  0.04372250473740322  0.05484688735532351  0.06584123634868261  0.07654733231456119
  0.08725706802574142  0.09826088110372748  0.10926003433029181  0.12010832300024896
  0.13092182926836887  0.14189893761496911  0.15242906708797646  0.16256218844951009
  0.17212877606210683  0.18148152463029074  0.19120328927742569  0.20136252999334373
  0.21199719189137217  0.22115732017667453  0.23028870273803068  0.23973262192243819
  0.24975494776818971  0.25967652707569006  0.26984934529645754  0.28022229697208800
  0.29075186666695357  0.30118791416664914  0.31213498780410875  0.32308013597209734
  0.33370733701032057  0.34417021445301305  0.35501883447959198  0.36675816175224596
  0.37743392794142411  0.38786095713218943  0.39733955979859714  0.40733128630803817
  0.41807851658970985  0.42958611804468561  0.44112137086641784  0.45116552322938280
  0.46039724136972460  0.46938627021963991  0.47853293414955328  0.48834448229720578
  0.49897582204108215  0.51058594159754189  0.52261162753337020  0.53465692561457323
  0.54584830671853313  0.55633596792061690  0.56676288222356941  0.57736899870391278
  0.58760713283655575  0.59745890148767911  0.60724433314331783  0.61719478702422625
  0.62690639387410685  0.63643101655907253  0.64616568470673530  0.65711090702506736
  0.66864805253779191  0.67991674197033758  0.69149545631840625  0.70304111899924915
  0.71371399095820942  0.72352600836535874  0.73341857319913817  0.74393160533049718
  0.75565053919534630  0.76706055391232009  0.77820099527159736  0.78944610744536980
  0.80079388163076437  0.81175746497392498  0.82206576112298735  0.83232986388536179
  0.84256274304646595  0.85277358554298144  0.86239621404769284  0.87139110246609763
  0.88139873666360780  0.89213319019891646  0.90257878891262089  0.91302627995284091
  0.92350017195195433  0.93456166972118160  0.94512794719479798  0.95454257680980492
  0.96470648245426138  0.97582620493697159  0.98798716058380676  1.00000000000000000
 -0.00017449782425603  0.00063331463219115  0.00110515392895044  0.00143361645835518
  0.00177275065477112  0.00210845599603261  0.00244264190762315  0.00277604363831583
  0.00310610764107373  0.00343656628149149  0.00376775485612155  0.00410011089538774
  0.00441117985563764  0.00472245010881541  0.00502889097201517  0.00531552646420763
  0.00558019041284143  0.00583547037522006  0.00608985079460912  0.00634215520258775
  0.00659280595032077  0.00686471167965104  0.00714108728117036  0.00742401638583487
  0.00772125939258077  0.00799801703819478  0.00827493868398297  0.00855388885800539
  0.00882802127736947  0.00913358819501268  0.00948126845001135  0.00986692413509116
  0.01021146434689564  0.01054436491130757  0.01086939828773650  0.01120748775206726
  0.01153370560748974  0.01183863151363344  0.01214728504265392  0.01245789917201540
  0.01280198524049337  0.01315786620168866  0.01353920451853173  0.01387585124093233
  0.01420121498453359  0.01454101769053249  0.01496488335588823  0.01543366424469559
  0.01590252087573305  0.01639988684759268  0.01691159900258261  0.01737749121596191
  0.01779545234027831  0.01820130896096232  0.01860610199991834  0.01901980357605049
  0.01943321481050161  0.01998351123367833  0.02069006928257288  0.02132841808949134
  0.02196026213867883  0.02261678989890914  0.02320519602988944  0.02381067860389698
  0.02463639824875636  0.02641669234085422  0.02737311903850437  0.02818333805092834
  0.02900319614334507  0.02970249559476360  0.03046262601089892  0.03104434551784438
  0.03161527625722622  0.03242765859270687  0.03372731905151816  0.03531952917779689
  0.03764784961780273  0.03873342259208406  0.04009465989311337  0.04209490020683788
  0.04350886415733635  0.04429762395280297  0.04503589344235358  0.04578630081967283
  0.04730518824399783  0.04806315592705580  0.04880990070671343  0.04957054998946712
  0.05094356040520526  0.05218135438777446  0.05338935164124860  0.05475783593495556
  0.05655332004021582  0.10934681794525775  0.13927791297260761  1.00000000000000000
 -0.00201891219097517  0.01300780996520016  0.02510474482902089  0.03693355628714540
  0.04832286763328066  0.05956021264686873  0.07037167724222641  0.08141464136290895
  0.09267875860939924  0.10363121327167125  0.11426243806817109  0.12523938277673452
  0.13672247878404997  0.14863513474389448  0.16121635259143871  0.17331396334376020
  0.18508726466710415  0.19667559588718320  0.20799475169608539  0.21862015877652158
  0.23009578429743555  0.24210783134761349  0.25403013728554191  0.26492648073067360
  0.27565620817048447  0.28617196426020719  0.29645861340028989  0.30618909478632728
  0.31532649100512306  0.32396416547984402  0.33209309213137661  0.33984912522347455
  0.34753659632154532  0.35528686496268674  0.36332883468534272  0.37171393857359514
  0.38019308541539676  0.38827029602722807  0.39567468893827484  0.40361991017253501
  0.41198833562801734  0.42132660416685958  0.43088292970888725  0.44091253687143045
  0.45190768400906606  0.46408205545049702  0.47641473592111844  0.49083819703842840
  0.50464200241147672  0.51870400841986908  0.53085395329544949  0.54268610716980137
  0.55500793125303016  0.56723773606475625  0.57848353156295240  0.58830642147640622
  0.59778035956700670  0.60646707656252319  0.61401228801811170  0.62141308875083412
  0.62834170177635951  0.63577864379004545  0.64363452224689766  0.65195423588046930
  0.66029408939133272  0.66879107247389824  0.67727996268301649  0.68586342499141728
  0.69495256462889110  0.70472527374544558  0.71514418148278780  0.72590053398684251
  0.73680352483423472  0.74792471980703334  0.75942944764061671  0.77119213025631084
  0.78260038295064493  0.79351656533806425  0.80432972110709466  0.81562507764556902
  0.82731634458140391  0.83900942147434299  0.85112921046869860  0.86326399924927977
  0.87573764785215191  0.88669984865045981  0.89734448950190038  0.90877867736556261
  0.92132577972601615  0.93389097626964535  0.94558650882641637  0.95659404719839858
  0.96688495402468888  0.97741599841745685  0.98869336528892660  1.00000000000000000
  0.12785179584696529  0.14421241948195648  0.17372960624094980  0.19564641638465519
  0.21172815770105999  0.22800559427461076  0.24518681333849920  0.26239966520142766
  0.27843449962747124  0.29304104431622607  0.30632097819806009  0.31953556969151931
  0.33399184240011315  0.34889552224923254  0.36325165447919849  0.37612492894848293
  0.38913863897424833  0.40208553447085638  0.41450005032978859  0.42697198078269427
  0.43953581696718680  0.45195623523504902  0.46428231822247445  0.47711716793724351
  0.48974015402696236  0.50242011344043447  0.51499721752611760  0.52731227816192972
  0.53895193611636449  0.55034168585279708  0.56160158125128679  0.57255754593446595
  0.58317708147115066  0.59380659795049962  0.60454632976916334  0.61505484996523663
  0.62569198334595377  0.63651669109253306  0.64752842743973582  0.65830595347356780
  0.66893728569219724  0.67928599798033329  0.68925960362302419  0.69924359371890554
  0.70927847290546875  0.71906506319218733  0.72839459085970970  0.73733782743354448
  0.74611660017492887  0.75472913251170692  0.76320691550459430  0.77158448543661518
  0.78000876721143941  0.78831780985035527  0.79623555337432905  0.80365919030080135
  0.81083772582555935  0.81754900797544161  0.82370556148641172  0.82965190708734593
  0.83574189220012396  0.84205561971623866  0.84849077236860770  0.85472184428455356
  0.86079465240866593  0.86673179998475836  0.87241425729107769  0.87790369524489720
  0.88327930444395886  0.88869960018253458  0.89403645581083779  0.89949996441634439
  0.90444524719733121  0.90954662534703490  0.91464225156980716  0.91944825603957014
  0.92425260458853875  0.92888555729982714  0.93332762552525361  0.93766896860040627
  0.94199555723782047  0.94633243563135672  0.95053533239915389  0.95465416309380946
  0.95864708030914003  0.96235694221651658  0.96589149144476616  0.96933885111063089
  0.97285310594887731  0.97649467591290795  0.98015588433193146  0.98372141648014000
  0.98722414430738625  0.99091973471263339  0.99513093910074668  1.00000000000000000
 -0.00960074522782917  0.05489087297293944  0.07867599552033896  0.09431011986746937
  0.10718436858347391  0.11808490063013694  0.12806726057844822  0.13694624820615156
  0.14587818027933105  0.15424501957343792  0.16204443292070719  0.16958720065577465
  0.17646002706243946  0.18369415551980778  0.19066422459439214  0.19776452626105934
  0.20431628874779240  0.21054131153353667  0.21668751804596975  0.22277567670885129
  0.22884005530355622  0.23482289754965224  0.24063971702725320  0.24645051598325765
  0.25220972007614190  0.25796084688471427  0.26383431967101595  0.26981456911403512
  0.27572016773362934  0.28141175991761513  0.28690234069051218  0.29218886516574122
  0.29776018831926304  0.30335618052778496  0.30894436659751062  0.31457821826265864
  0.32019001259243124  0.32561803190685762  0.33081834439864977  0.33585415850391559
  0.34087642124852979  0.34607774168295113  0.35156414652574258  0.35718488225708672
  0.36291843986696315  0.36872839303838278  0.37481032497293665  0.38124261526997116
  0.38790190190615281  0.39464102806216739  0.40107538387438912  0.40711121647390058
  0.41316310849457999  0.41902881439613238  0.42548272641834284  0.43203978099891899
  0.43892468786998079  0.44587898585887087  0.45276180915162401  0.45955041698816879
  0.46632016708532709  0.47321413694593878  0.48057872191820461  0.48802057741973770
  0.49518025098771257  0.50201013927748295  0.50864009836137514  0.51549190491099894
  0.52272163255390014  0.53014556185752748  0.53784593952843662  0.54574868286271339
  0.55379105761895842  0.56224899022939345  0.57098117508510771  0.58020684270086698
  0.58967481609938999  0.59908128776127378  0.60895147106457115  0.61884586741443837
  0.62900206252913782  0.63897414400585095  0.64960629191379649  0.66092389916953886
  0.67304975416095902  0.68593642748763661  0.70000690790020526  0.71487073630640363
  0.72998227716916275  0.74490431297759530  0.76233827994007630  0.78209949621467201
  0.80436429804744514  0.83242664779981812  0.87542915224974327  1.00000000000000000
   16.149812656233035       -1.0000000000000000     
 F T F T F T F F T F T F T F F F F F F T F T F T F F T F T F T F F T F T F T F F T F T F T F F F F F F T F T F T F F T F T F T F
  <DiscreteSampler_grid>
  grouped_processes
  1 # 1 for a reference and 2 for a running grid.
  10 # Attribute 'min_bin_probing_points' of the grid.
  1 # Attribute 'grid_mode' of the grid. 1=='default',2=='initialization'
  0.0000000000000000 # Attribute 'small_contrib_threshold' of the grid.
  0.5000000000000000 # Attribute 'damping_power' of the grid.
 # binID   n_entries weight   weight_sqr   abs_weight
    13   10   4.031823364390670E+009   6.956288634265106E+019   4.031823364390670E+009
    14   10   4.031823364390668E+009   6.956288634265091E+019   4.031823364390668E+009
    16   10   4.031823364390670E+009   6.956288634265106E+019   4.031823364390670E+009
    17   10   4.031823364390667E+009   6.956288634265090E+019   4.031823364390667E+009
    22   10   4.031823599989129E+009   6.956288639219248E+019   4.031823599989129E+009
    23   10   4.031823364390668E+009   6.956288634265091E+019   4.031823364390668E+009
    25   10   4.031823599989129E+009   6.956288639219248E+019   4.031823599989129E+009
    26   10   4.031823599989125E+009   6.956288639219233E+019   4.031823599989125E+009
  </DiscreteSampler_grid>
