  0.00005156977162208  0.00005322096875990  0.00005435049578300  0.00005535411723729
  0.00005637548667743  0.00005739437360467  0.00005843532981012  0.00005946616938376
  0.00006047436379280  0.00006148238945412  0.00006253200716973  0.00006360824027630
  0.00006471742471649  0.00006586124167782  0.00006702744089131  0.00006819896636204
  0.00006937053089314  0.00007055839525733  0.00007176577944086  0.00007297137278410
  0.00007426401064219  0.00007562046117110  0.00007703725306882  0.00007848034058756
  0.00007992743205225  0.00008141088398958  0.00008291926786438  0.00008448094193007
  0.00008627572787124  0.00008809162591742  0.00008991215806365  0.00009174807035015
  0.00009361051424853  0.00009554921385763  0.00009760970871568  0.00009973701440439
  0.00010190613612984  0.00010412502439477  0.00010640276165939  0.00010875422371234
  0.00011132470386889  0.00011397682586934  0.00011667946787391  0.00011943738664666
  0.00012227389532896  0.00012534243160148  0.00012857365303388  0.00013183174804398
  0.00013516055203676  0.00013858316352800  0.00014230349692348  0.00014630402495788
  0.00015042583635941  0.00015466669974400  0.00015905245124381  0.00016411266242845
  0.00016927844562723  0.00017457008993297  0.00018014560634084  0.00018612417340022
  0.00019229321801470  0.00019847464120950  0.00020482893346103  0.00021198586606498
  0.00021942834094351  0.00022699703845468  0.00023539358409262  0.00024444760123701
  0.00025369503448713  0.00026365038714183  0.00027455796914433  0.00028604219660995
  0.00029805545003257  0.00031103602089601  0.00032477394597901  0.00033929331870457
  0.00035522330945636  0.00037157572299354  0.00038876902488719  0.00040862523728960
  0.00042984003556770  0.00045362752690639  0.00047991160200024  0.00050774222145268
  0.00053706776530271  0.00056851600748875  0.00060611142502631  0.00064770921431243
  0.00069480690743979  0.00075342034034161  0.00082443587614937  0.00089872378052074
  0.00098628224576608  0.00111966404733554  0.00297344682132577  1.00000000000000000
 -0.00247924190754824  0.01010654533982595  0.02020830624960144  0.03077040300001915
  0.04086167628725523  0.05165049290397376  0.06263533129014788  0.07395859628428784
  0.08525724767039895  0.09622169492197198  0.10723415254883154  0.11806636305549133
  0.12873784003917013  0.13909470543317842  0.14944014286817206  0.15991760012045078
  0.17052714734197716  0.18112829649124240  0.19163478253384650  0.20206761556927158
  0.21250939972859148  0.22274049836359691  0.23299255987899603  0.24317888943555485
  0.25358571066585800  0.26429846472948965  0.27508243202397070  0.28596503832835168
  0.29693473222132477  0.30805537794699805  0.31909921463400637  0.32999356142876951
  0.34097032190631615  0.35189790103637592  0.36256714330102507  0.37313817846925573
  0.38361855463080208  0.39406993923461309  0.40429521007135572  0.41444316719414492
  0.42474700584484237  0.43519768987613183  0.44573786767649037  0.45612492351571049
  0.46643276470192557  0.47681705456652373  0.48756075582415226  0.49853604567127946
  0.50944920507509472  0.52012145292284861  0.53061143752097206  0.54084766349471947
  0.55085541429580054  0.56082819699753772  0.57114234620938265  0.58164070297730208
  0.59222555052976433  0.60264671698940431  0.61289040341141043  0.62314052057136238
  0.63334237417351724  0.64351330447017074  0.65367408195270993  0.66395166786955540
  0.67449695543798571  0.68507511211666849  0.69546983016932684  0.70590329006050079
  0.71636085533681082  0.72685732399534209  0.73727999624716534  0.74765367169646146
  0.75808801352954291  0.76846520521903372  0.77919557881090784  0.79002048779735612
  0.80089634758360062  0.81166519676921933  0.82260244007152206  0.83339307812816343
  0.84370988088753429  0.85380728678977280  0.86408055520030780  0.87480302506057539
  0.88571751779584407  0.89651950798783264  0.90688535637228351  0.91719549735884698
  0.92746341581327452  0.93796069743336496  0.94854302420202063  0.95912223818077236
  0.96959478562603807  0.97971315126450065  0.98991672270630671  1.00000000000000000
  0.00196389996804657  0.01122202639885381  0.02013456534447556  0.02924106031735086
  0.03842451745393578  0.04769589480125203  0.05725832800934352  0.06684891768105200
  0.07644245165480563  0.08609997335870188  0.09596539407103748  0.10595185330909579
  0.11579978327129029  0.12542886307189668  0.13487290811466962  0.14415380668773925
  0.15327169602553328  0.16214587731643390  0.17104363393640737  0.18021172633854937
  0.18958042080666554  0.19908342719590108  0.20853696295614663  0.21797446254872613
  0.22737327164785243  0.23663544912548504  0.24595208175438138  0.25528055605465561
  0.26448222229085577  0.27370313899813675  0.28299077216233887  0.29223411966925700
  0.30156335972526371  0.31087163714635396  0.32031010819550265  0.32979382124272144
  0.33910926553159482  0.34830381201764049  0.35770532040955771  0.36735832913431371
  0.37697613062848723  0.38643775771595745  0.39567662567695516  0.40491115702864278
  0.41403804818514200  0.42322660979859972  0.43237215439995258  0.44155679779752538
  0.45065369776377451  0.45980974967107319  0.46907030125913179  0.47836338460626693
  0.48768301842200690  0.49706431966512343  0.50658301424747254  0.51614815935412095
  0.52560388150610737  0.53503713515494145  0.54457420979560334  0.55426986594202099
  0.56381249497533659  0.57318410690960153  0.58246020768512108  0.59182240602537861
  0.60133571148026632  0.61081964618410889  0.62029904942624348  0.62995806858332959
  0.63963524626107304  0.64950606003091615  0.65957195108034061  0.66977464467248859
  0.68007318103491232  0.69041755437532215  0.70094054458377131  0.71167629078381267
  0.72255085694684540  0.73345593543115706  0.74435842638969485  0.75530086979433586
  0.76623539797434659  0.77707615811557118  0.78800710461290358  0.79920171302479859
  0.81081541011344282  0.82274711996703154  0.83498317091186369  0.84748566041583850
  0.86028054887901440  0.87354040464799254  0.88750125398971824  0.90234138903520622
  0.91861573489414916  0.93775225676466922  0.96241133418273461  1.00000000000000000
 -0.01666310072951536  0.09879337681415686  0.13378044433120248  0.15464532268065190
  0.17166199722868639  0.18628323270384037  0.19961846198149513  0.21200200049446410
  0.22372582819666895  0.23465975398661074  0.24494147747925099  0.25452598619416594
  0.26353115422105833  0.27239233206271524  0.28099040385500040  0.28938449900329516
  0.29739197604306161  0.30513413605284667  0.31269981687833548  0.32020231061504723
  0.32761462543483116  0.33486978109594151  0.34179510756903164  0.34851277308087580
  0.35522296353045163  0.36184638394675522  0.36850247962503030  0.37509286784290535
  0.38156891856940667  0.38798206615020808  0.39436922645081823  0.40069637548865716
  0.40694715515056534  0.41314546601381363  0.41924766198191160  0.42533438838419280
  0.43140938567523623  0.43744098933064146  0.44341470700077912  0.44937032282217998
  0.45530936115569037  0.46125073541142703  0.46714128599026994  0.47301400474017558
  0.47890634279492411  0.48479696739800687  0.49066350996238262  0.49649906596915139
  0.50232165227831427  0.50817481514786411  0.51399673461040429  0.51982138575613779
  0.52566852025235677  0.53157992757544759  0.53753240663291324  0.54348810479090925
  0.54942096365685855  0.55536983217298197  0.56137133897631386  0.56740085662042605
  0.57346055816321129  0.57952590403324677  0.58553475621315842  0.59144309145675256
  0.59738072826847277  0.60334663441852832  0.60970742946299317  0.61610945267278872
  0.62262931406012323  0.62916412307582470  0.63576258800988872  0.64246686757470162
  0.64932458418730243  0.65633148262216678  0.66344050497207163  0.67067829597208894
  0.67809193437515369  0.68571984227642591  0.69360261594814876  0.70168842488975836
  0.70986644249692099  0.71836490835379763  0.72714747601387353  0.73626785120935545
  0.74556021097323333  0.75522982840616792  0.76536408678600520  0.77603430417250552
  0.78740638605277513  0.79968015658538560  0.81333096725156351  0.82842080794313133
  0.84551097301165112  0.86644622938086058  0.90021790700000248  1.00000000000000000
   3.4159807934909332       -1.0000000000000000     
 F F F F T F F T T F F T F F F F F F F F F F F F F F F F F F F F
  <DiscreteSampler_grid>
  grouped_processes
  1 # 1 for a reference and 2 for a running grid.
  10 # Attribute 'min_bin_probing_points' of the grid.
  1 # Attribute 'grid_mode' of the grid. 1=='default',2=='initialization'
  0.0000000000000000 # Attribute 'small_contrib_threshold' of the grid.
  0.5000000000000000 # Attribute 'damping_power' of the grid.
 # binID   n_entries weight   weight_sqr   abs_weight
    10   10   7.844765944376013E+007   6.650055818548691E+015   7.844765944376013E+007
    16   10   8.075399215221521E+007   7.028320497576738E+015   8.075399215221521E+007
  </DiscreteSampler_grid>
