  0.00001937428759198  0.00001973230093437  0.00002013493704991  0.00002055279584601
  0.00002099759758613  0.00002150213837555  0.00002196083439287  0.00002244335216471
  0.00002286662412506  0.00002326242860418  0.00002377755581470  0.00002436075941665
  0.00002498693109630  0.00002563196572647  0.00002626686694399  0.00002694044062333
  0.00002765283480862  0.00002838196040092  0.00002912821064605  0.00002988741758856
  0.00003067231875299  0.00003150377023900  0.00003236508216670  0.00003328794665189
  0.00003428851291327  0.00003532635146439  0.00003638305114583  0.00003745764887452
  0.00003855510914967  0.00003982492913742  0.00004120783784025  0.00004260419077599
  0.00004396056899979  0.00004528057571636  0.00004661563518616  0.00004797529763991
  0.00004930713023439  0.00005067674112833  0.00005215669471916  0.00005370296519279
  0.00005527574730926  0.00005690464309348  0.00005862891973129  0.00006042142703693
  0.00006223907150552  0.00006415518832283  0.00006614626843955  0.00006819976537035
  0.00007023652402252  0.00007225548493058  0.00007441376099488  0.00007680355198654
  0.00007929923729553  0.00008176450529742  0.00008436496338628  0.00008752878890841
  0.00009045834850766  0.00009340844618553  0.00009663244662383  0.00010012266124294
  0.00010381341471391  0.00010781089292470  0.00011216111762540  0.00011680252247136
  0.00012153396896049  0.00012651889473317  0.00013182897577722  0.00013732495872193
  0.00014326902081303  0.00014966884766854  0.00015662553037210  0.00016429294558086
  0.00017243030103827  0.00018061515447077  0.00019012444029627  0.00020070922343977
  0.00021299280540257  0.00022653072783507  0.00023975725640884  0.00025390029924321
  0.00026947252547071  0.00028740555935073  0.00030811665950690  0.00033153947701151
  0.00035823418139503  0.00038884667730714  0.00042764212230254  0.00047514775622689
  0.00053528604840550  0.00061844170788036  0.00073394892307027  0.00087514185780817
  0.00110019778378808  0.00152348489975330  0.07660581542324377  1.00000000000000000
 -0.00000633645224753  0.00015679060448253  0.00057569815153941  0.00134810450068474
  0.00244757736595527  0.00391139297582601  0.00552745566297251  0.00754219203726343
  0.00978773016139286  0.01234562689488932  0.01527517393892138  0.01830912349262796
  0.02135084522392931  0.02457579313064518  0.02854983571274534  0.03305697264018162
  0.03792163552581707  0.04289214580586807  0.04815418403042911  0.05352462317577237
  0.05899968369374764  0.06457749745378981  0.07020582587389920  0.07597593149687801
  0.08186564579982997  0.08779130548901269  0.09442920916007377  0.10169147318405355
  0.11011327633039167  0.11877236152133355  0.12740084447049796  0.13611810661168047
  0.14502746231580199  0.15425736697298106  0.16371237296481583  0.17348013471001542
  0.18414281139602207  0.19492993151674476  0.20679293225636752  0.21930921266106951
  0.23198274612113765  0.24488452683405587  0.25843533128720658  0.27180167623830914
  0.28541899558420081  0.29933384236709659  0.31304563009788350  0.32623865382355494
  0.33916226503516683  0.35233270203694911  0.36538769765163309  0.37834609368782668
  0.39194479985483610  0.40597894702471010  0.42029504961252595  0.43396734514914048
  0.44742891868448154  0.46034788456470388  0.47436085437507292  0.48901814256839454
  0.50360932476916687  0.51755675734680207  0.53161540780375105  0.54645260224362524
  0.56098379283885336  0.57541077369215432  0.59012598581782372  0.60548421912599970
  0.62155310724356039  0.63851831887853239  0.65623358400390730  0.67395733425318416
  0.69108716158018957  0.70856047581205406  0.72600628337846473  0.74347750654453615
  0.76090211444346056  0.77699999191225722  0.79228380267775844  0.80707156289861604
  0.82130186263839688  0.83510250976022926  0.84905118800466328  0.86321081499953756
  0.87610800212050621  0.88865224392883879  0.90094980651049072  0.91273757792171728
  0.92416987206705936  0.93488035693600557  0.94522826267783300  0.95562823401227970
  0.96624428863728196  0.97727232897565852  0.98861203555767119  1.00000000000000000
 -0.00370412011919610  0.01373726962437379  0.02646980479734376  0.03744024282562135
  0.04851420841812996  0.06010515276124291  0.07099642212891270  0.08129138478246307
  0.09169869685835461  0.10240671191448622  0.11294919298682886  0.12390436844131776
  0.13546316023001001  0.14705333180941899  0.15900795500715303  0.17052037973706341
  0.18342572829914755  0.19519712653996296  0.20647599660199020  0.21807911447739764
  0.22979702006608366  0.24202578531824204  0.25233646577383384  0.26160241480984536
  0.27056050624605471  0.27951793774799671  0.28795783092010424  0.29662633329354515
  0.30563889947642559  0.31541124537872073  0.32577642237683568  0.33654374212503174
  0.34819420307971516  0.36054935909179686  0.37357334918232782  0.38679414949358909
  0.39926359465786693  0.41080612949247902  0.42152959407391166  0.43181263285225197
  0.44230625066882834  0.45213372366648508  0.46146131479758290  0.47076908768518205
  0.48045907763978601  0.49020439750940070  0.49914740583270112  0.50865951129803544
  0.51854331339919746  0.53016496629319132  0.54031442795845186  0.55132094770093876
  0.56274965275888333  0.57510463751838903  0.58705764988157427  0.59821174313397618
  0.60932896608685694  0.62039607141620701  0.63121841464387451  0.64172293374726319
  0.65162913814787204  0.66130922124277181  0.67085386315469453  0.68049824049719454
  0.68997705308189339  0.69902836775098953  0.70792686569768948  0.71692836638848378
  0.72637957958871835  0.73562387435929077  0.74467777606243057  0.75410439108177496
  0.76442525096459268  0.77406555399911348  0.78291986657901769  0.79173699913311923
  0.80077743842115390  0.81079705065084029  0.82087481457899625  0.83066463812961289
  0.84056275256094293  0.85076462078193471  0.86115285168372524  0.87143726686505574
  0.88173725640783041  0.89192615212660775  0.90263130614094866  0.91402814096344365
  0.92513238583433244  0.93690115414141006  0.94888754096999539  0.96043334913726919
  0.97036940234727254  0.97971151128542866  0.98956926932994582  1.00000000000000000
  0.01010045042409842  0.01698336196307908  0.02417265823821484  0.03247425647646821
  0.04111443642703245  0.04973438372884274  0.05848557819214541  0.06789756895724841
  0.07867585033474896  0.09026680888011962  0.10080001447783925  0.11016954488149666
  0.11947398083911129  0.12890486573160137  0.13888250041410549  0.14918994190560469
  0.15878293274893931  0.16832849322275295  0.17782116817479721  0.18732018211642923
  0.19744335219284431  0.20727845089564667  0.21715193009395412  0.22752912900860114
  0.23857367308762242  0.24957184496491325  0.26028669063913396  0.27087278976055990
  0.28419145723530259  0.29665564972276898  0.31035120871742694  0.32276508505706875
  0.33536270974106219  0.34666346961439293  0.35856795960946863  0.37067821911831739
  0.38314454830120270  0.39643813588507798  0.41119756138676306  0.42670444622916187
  0.44241618906033869  0.45878136675595876  0.47534453063441601  0.49174834692329694
  0.50818941297553466  0.52416905496804966  0.53858760805370820  0.55258361998086303
  0.56658610151715083  0.58095715437629469  0.59525912103634782  0.60935269371455603
  0.62277012197979920  0.63602001007214048  0.64957019775764835  0.66338379678463288
  0.67610318132099356  0.68818742419030932  0.69885506935143171  0.70901729013509296
  0.71904688595896527  0.72959071418821098  0.74099084136866411  0.75213266729820716
  0.76248357236924569  0.77257256090888071  0.78278891757264624  0.79312824352138178
  0.80298237939812767  0.81200914238328170  0.82101731207910955  0.82972226459356890
  0.83772574121498233  0.84489843973708967  0.85210640071153587  0.85922775163072340
  0.86622370229880030  0.87346407018714056  0.88027041854605481  0.88672147270427415
  0.89319430470295658  0.90007034152741283  0.90716036220331697  0.91388838517324578
  0.92052726299567744  0.92718292647443745  0.93399800928182486  0.94234538653085120
  0.95070461576174392  0.95818220376839736  0.96504432900293402  0.97181306028165348
  0.97853511556326811  0.98536285382765731  0.99237741875975549  1.00000000000000000
 -0.00229881130079238  0.01053398581225514  0.02187087849409187  0.03353338264010425
  0.04433431773437906  0.05437346754832216  0.06466340900946871  0.07498660836271658
  0.08557552422863771  0.09636933268886547  0.10692719116946035  0.11682542268800807
  0.12667927379675936  0.13674192317810507  0.14631272414568725  0.15526520175645669
  0.16392003245513853  0.17231708054382067  0.18040477459065898  0.18829109800126984
  0.19673691620714109  0.20599218456818608  0.21548746135605018  0.22483342459523720
  0.23582194348535040  0.24781653342627510  0.25825451403689359  0.26815971232659896
  0.27858525335172096  0.28982230300126355  0.30107577367128485  0.31176794429242694
  0.32181915042074311  0.33151241202791476  0.34142323689686288  0.35195322729542794
  0.36279668043086843  0.37346642363754795  0.38429765382815689  0.39557771099060879
  0.40737611336248192  0.41984392873898929  0.43272562823520733  0.44522453026663433
  0.45689878123952432  0.46828699383592631  0.47787132408330818  0.48707507255121824
  0.49663026395106868  0.50694890358102396  0.51679962733650175  0.52591693898415814
  0.53525952725991632  0.54488657596744894  0.55378473403179829  0.56251030228486498
  0.57238694579608274  0.58260854236296244  0.59218510359464271  0.60215062521015550
  0.61244568682397471  0.62349011485467376  0.63512560113118077  0.64660368675826718
  0.65784780574157664  0.66898625572867598  0.68007361137924682  0.69069552431859571
  0.70062123525729247  0.71070756612590069  0.72106633670336107  0.73226256623083763
  0.74387379246559737  0.75494830734243668  0.76452254822864585  0.77431908385028370
  0.78487211235809029  0.79569395048503433  0.80668909401228328  0.81848395530915230
  0.83046497630810823  0.84148025217555666  0.85149842586096558  0.86135004568088736
  0.87161765943978498  0.88165423418978206  0.89169770553477701  0.90213468115851048
  0.91343593785580324  0.92496681750327880  0.93758232801292329  0.95112884366163197
  0.96333901610394834  0.97538977979824149  0.98737482857695169  1.00000000000000000
  0.08152552222175628  0.09754987286808869  0.10713482471028934  0.11589018557606200
  0.12476431495133525  0.13440616098934466  0.14336557644219877  0.15174739564285136
  0.16114965073897750  0.17125021710104218  0.18207022809316029  0.19311373556957023
  0.20218665918790635  0.21071000656519284  0.21943798000963610  0.22901414796070690
  0.23940991886791244  0.24934140069604982  0.25911907224076919  0.26841785710380506
  0.27847795828739208  0.28734661113809412  0.29667612516630454  0.30581630138314775
  0.31573236959210071  0.32676590578969411  0.33675513349866826  0.34471784456168530
  0.35250913164665582  0.35958010584321237  0.36705924542324536  0.37450477321752434
  0.38187428709314808  0.38969046876925661  0.39762261225358059  0.40556149167727129
  0.41361728524612690  0.42088390440557127  0.42761905501256314  0.43420812872390779
  0.44059153311841759  0.44716512596743885  0.45404218134100122  0.46207168598987586
  0.47135475654680281  0.48019248876458370  0.48769830975577871  0.49561909642741142
  0.50350884581326438  0.51155888584319875  0.51909006074509823  0.52691750965223549
  0.53525901787920060  0.54484294507185860  0.55528644810870043  0.56516561173143687
  0.57404844741103045  0.58273970600869585  0.59147654427894791  0.60006990742911104
  0.60891022287189323  0.61804399331127868  0.62748680184154138  0.63696219649415176
  0.64632493136245817  0.65618076965018435  0.66601696232289387  0.67572413921042684
  0.68548116984719221  0.69591507582543233  0.70739295846905570  0.71905523357941714
  0.72974336858461819  0.73937502346938555  0.74835698477167678  0.75755038230072858
  0.76649113152611270  0.77540955345736973  0.78424778220541236  0.79298990918800394
  0.80332144742075595  0.81351690914589270  0.82465380792964016  0.83557050239444264
  0.84572879883661389  0.85628021292740786  0.86679193248207775  0.87747681460403026
  0.88814947958391510  0.89999184620191108  0.91243887529501033  0.92516704229022206
  0.93871306884425332  0.95526901664353880  0.97575161112023101  1.00000000000000000
 -0.01758551930490147  0.12125772933682691  0.16535006929265936  0.19436222619263949
  0.21844573484325072  0.23859215661679151  0.25765259509755850  0.27635822084245087
  0.29247872040064810  0.30651515690147724  0.31984030107025629  0.33173954917621579
  0.34376342047816061  0.35577593493072318  0.36786034742887241  0.37861907798635469
  0.38875594734097402  0.39885897125910191  0.40909923064767056  0.41898961235203119
  0.42851054008610584  0.43758526312602308  0.44678841691766341  0.45578861184823766
  0.46402892039322330  0.47177601101560745  0.47968474282078688  0.48783601858244796
  0.49531668751882335  0.50236069439504660  0.50901318869690537  0.51596390246995594
  0.52371476248017246  0.53187889581157410  0.53999601216712600  0.54770765711514680
  0.55521417814195473  0.56240118534087924  0.56893984279405763  0.57529272381649610
  0.58189387248813518  0.58866618870133314  0.59520916387377409  0.60138570528596491
  0.60744021691305494  0.61341776378546553  0.61935196588468022  0.62563678232729458
  0.63231787592310884  0.63912593261665362  0.64585362795416001  0.65245476581849193
  0.65879341368323852  0.66526547866126096  0.67014378722221779  0.67485790877267970
  0.67967047699223382  0.68459392019485665  0.68963739767276122  0.69481211899351980
  0.70004125976824516  0.70539053849709621  0.71069912337099528  0.71619157803366162
  0.72165812586000966  0.72718093331207057  0.73263616224319550  0.73813386217456922
  0.74369138476916652  0.74926493617432621  0.75493240174919918  0.76072610617079184
  0.76638575186126623  0.77194351355936319  0.77722355789079067  0.78243899832962760
  0.78805505522599995  0.79427285259112834  0.80085840006743492  0.80725155173309571
  0.81351992176403887  0.81982587325208778  0.82612250735510262  0.83242510273607950
  0.83873565460135491  0.84526777984877888  0.85217510806422325  0.85997066123876509
  0.86888112812830665  0.87817118693256724  0.88757980076760679  0.89768326433084888
  0.90922626036537413  0.92413149855280796  0.94787043562134188  1.00000000000000000
   8.5905017957980476E-003  -1.0000000000000000     
 T F F T T F F T F F T F F F T F F T F F F T F F T F F T T F F T T F F T T F F T F F T F F F T F F T F F F T F F T F F T T F F T
  <DiscreteSampler_grid>
  grouped_processes
  1 # 1 for a reference and 2 for a running grid.
  10 # Attribute 'min_bin_probing_points' of the grid.
  1 # Attribute 'grid_mode' of the grid. 1=='default',2=='initialization'
  0.0000000000000000 # Attribute 'small_contrib_threshold' of the grid.
  0.5000000000000000 # Attribute 'damping_power' of the grid.
 # binID   n_entries weight   weight_sqr   abs_weight
    31   10   5.433581484167764E+005   6.203213162835129E+011   5.433581484167764E+005
    32   10   5.433581484167764E+005   6.203213162835127E+011   5.433581484167764E+005
    40   14   7.552946660283625E+005   1.353114775454539E+012   7.552946660283625E+005
    41   14   7.552946660283620E+005   1.353114775454537E+012   7.552946660283620E+005
    55   14   6.847686583714252E+005   1.330627564647067E+012   6.847686583714252E+005
    56   14   6.847686583714250E+005   1.330627564647066E+012   6.847686583714250E+005
    64   14   4.813195420181528E+005   4.810812335249870E+011   4.813195420181528E+005
    65   14   4.813195420181525E+005   4.810812335249858E+011   4.813195420181525E+005
  </DiscreteSampler_grid>
