  0.00001877984830002  0.00001939360617471  0.00002001669826334  0.00002072863758881
  0.00002146913946709  0.00002221574936923  0.00002297890559959  0.00002371809354373
  0.00002448875642000  0.00002525485558260  0.00002602935791852  0.00002682147530944
  0.00002763903883581  0.00002846597712059  0.00002928490469311  0.00003013038564673
  0.00003100635038852  0.00003192346052195  0.00003283174714243  0.00003375234695472
  0.00003472991853455  0.00003578811376349  0.00003691061199297  0.00003806746613056
  0.00003923529371642  0.00004059892721303  0.00004196237120183  0.00004336081964467
  0.00004478253854606  0.00004629687995762  0.00004789967669367  0.00004957629935779
  0.00005132512440139  0.00005310659620176  0.00005486231145863  0.00005664586503987
  0.00005852740463212  0.00006063415924492  0.00006274315488918  0.00006480659308713
  0.00006689793059412  0.00006906424611545  0.00007129822223237  0.00007375514044921
  0.00007645293955680  0.00007933968649184  0.00008233349738050  0.00008569756016458
  0.00008935955139808  0.00009313061796291  0.00009701235464257  0.00010105291897118
  0.00010523302874985  0.00010959617709139  0.00011445828023918  0.00011925184404636
  0.00012441175886026  0.00012987087858536  0.00013567583891784  0.00014176714486372
  0.00014827852647245  0.00015472953573869  0.00016187572002580  0.00016998427229918
  0.00017886487214390  0.00018942961577144  0.00020104328323842  0.00021354314405326
  0.00022675467117557  0.00024046451109568  0.00025504357402982  0.00027066092418479
  0.00028731190074447  0.00030599327376883  0.00032773793046885  0.00035292919685624
  0.00038117362717217  0.00041238755658172  0.00044731958023022  0.00048751430141137
  0.00053142009434695  0.00058390190718018  0.00065234958819779  0.00073737220467013
  0.00083903575166072  0.00096753641135861  0.00110047323859351  0.00121502555351691
  0.00133384228171221  0.00146604040164872  0.00165604425502538  0.00197719271224430
  0.00244451403002436  0.00297573578133411  0.00389615354271447  1.00000000000000000
  0.00001867718413363  0.00001958438601641  0.00001995056356935  0.00002036606575437
  0.00002079094238918  0.00002120908669281  0.00002163012789878  0.00002203444935613
  0.00002242227022620  0.00002280843996148  0.00002318323658294  0.00002360378209185
  0.00002404822931337  0.00002456124641721  0.00002506710421997  0.00002557660778553
  0.00002610057163800  0.00002666626043575  0.00002730191744832  0.00002798219704689
  0.00002866615072419  0.00002936005310497  0.00003005788442665  0.00003078991023010
  0.00003155272358650  0.00003234864452426  0.00003317827879202  0.00003399336061419
  0.00003487757785990  0.00003578171347900  0.00003671309555899  0.00003764974179593
  0.00003861902137086  0.00003966888485930  0.00004081424297376  0.00004202344326263
  0.00004330755447815  0.00004465535059587  0.00004620829209293  0.00004783541770604
  0.00004948284241359  0.00005117280745504  0.00005292710574180  0.00005471608038599
  0.00005650137595344  0.00005825673761730  0.00006023153448394  0.00006223647431538
  0.00006443750561015  0.00006676683882710  0.00006917285908460  0.00007161448866942
  0.00007421052200736  0.00007710842916027  0.00008021258551038  0.00008325889983590
  0.00008639728702171  0.00008964733368386  0.00009308679950319  0.00009676300297494
  0.00010078695840649  0.00010461324507181  0.00010844422305812  0.00011270498806407
  0.00011715544320362  0.00012164013284848  0.00012657078557502  0.00013186994425541
  0.00013751950046762  0.00014371106645952  0.00015054391798202  0.00015766187941338
  0.00016562125405783  0.00017398041217693  0.00018321862779390  0.00019337748651194
  0.00020431774276018  0.00021628783180264  0.00022873792432754  0.00024301990215500
  0.00025855703881247  0.00027673904602102  0.00029643929181744  0.00031870408272072
  0.00034355344176322  0.00037200256008383  0.00040601691812133  0.00044573180225378
  0.00049914706040239  0.00056798643912979  0.00065599763157863  0.00078546312135501
  0.00105000534247304  0.00147855881905719  0.00606301031650806  1.00000000000000000
 -0.00325078692397981  0.01108094976199050  0.02277054016695510  0.03394319588980606
  0.04486666184222619  0.05549404037853373  0.06610104170921978  0.07634411364792637
  0.08595446874880389  0.09484355637651301  0.10330462164085326  0.11197793173923723
  0.12127379443532212  0.13069575755134510  0.13966086589721338  0.14852375523661834
  0.15743715560666871  0.16687319928464808  0.17654431243977023  0.18601538866494122
  0.19542100160470371  0.20474302481014894  0.21438008832374134  0.22391871298958396
  0.23365248730801508  0.24352142280022945  0.25364035823499659  0.26380713930759131
  0.27420372845320207  0.28504323919434216  0.29615628980347153  0.30702671644653717
  0.31777148107468411  0.32858262600585220  0.33933577229468731  0.34998252516002837
  0.36085716241367582  0.37231070131506083  0.38416992874691874  0.39587940665949045
  0.40797879856328928  0.42007739232276387  0.43215581205141557  0.44399488222996703
  0.45596072615246519  0.46803723044620765  0.48009598127733083  0.49235769367682397
  0.50400856093080515  0.51545375350816314  0.52681896237793358  0.53829412436292012
  0.54975387034520717  0.56132758151367868  0.57287086561190603  0.58458637311978878
  0.59666379710344442  0.60930935990919133  0.62206420201945645  0.63435911238133813
  0.64626372787960795  0.65780681307432132  0.66913108718188374  0.68013077929821431
  0.69096977451216501  0.70159882447798028  0.71268071267613542  0.72390289829900700
  0.73527604248166545  0.74645496049785476  0.75750132729444597  0.76837116278117190
  0.77877104682518095  0.78894367527357823  0.79896879547085053  0.80883631788253441
  0.81865154642737648  0.82853556420807584  0.83824122552299973  0.84747649408852088
  0.85642701467077953  0.86526185435218428  0.87409479756531938  0.88302999152903305
  0.89195702584357184  0.90077735723674501  0.90951112620565844  0.91788739418773491
  0.92594438774543397  0.93416719814702476  0.94298483446343628  0.95286942305660194
  0.96335660966890857  0.97488617552043266  0.98684339621246031  1.00000000000000000
 -0.00194733638792035  0.00880062736980250  0.01773289139018341  0.02768398040907296
  0.03774621552421858  0.04830413540245815  0.05880493559860715  0.06901498876685255
  0.07956732294686369  0.08985626889958315  0.10067095851729480  0.11063987408292324
  0.12068421442442159  0.13052636159884529  0.14017881333919363  0.15002459759922313
  0.15971228704852333  0.16983118841187844  0.18074309795917431  0.19267106500047240
  0.20431308965831385  0.21520372084218686  0.22536367408547781  0.23572527106124994
  0.24630660073757132  0.25651094870511426  0.26624610183771874  0.27604198658275914
  0.28588250278856187  0.29608040501707600  0.30637345363087859  0.31698148300650103
  0.32787793906440460  0.33864418351172815  0.34977188238032225  0.36023487862966330
  0.37042514204903665  0.38006447630684942  0.39008317128227249  0.40016952167713910
  0.41011548843360107  0.41999072792845510  0.42981487927247203  0.44001376533880748
  0.45056055057591399  0.46167493814478444  0.47307180090715656  0.48456885342183947
  0.49564708092318899  0.50617960864685441  0.51654559889843166  0.52707180640260443
  0.53752594851473134  0.54798152816334011  0.55826561735801528  0.56900373569213880
  0.57943818217581222  0.58970624874421684  0.59938451151263605  0.60929251950396002
  0.61912040160993476  0.62937865378121838  0.63993877282446010  0.65095853314930818
  0.66254758075193465  0.67365445253875000  0.68451980686968250  0.69557083801819586
  0.70658428664678896  0.71745062321693731  0.72754729612475511  0.73777093869799903
  0.74773088766592466  0.75775680158724712  0.76777194473779664  0.77802660622708786
  0.78853404388797421  0.79933148724169745  0.81033303184840777  0.82213332779171977
  0.83388012175024762  0.84557058128274731  0.85693049151542489  0.86857952108209735
  0.88005347119470534  0.89109366964121195  0.90187663538140395  0.91244016111413284
  0.92266939575503237  0.93274453824109937  0.94284149310710297  0.95288118035680780
  0.96323664419069133  0.97446225002102382  0.98684581388118997  1.00000000000000000
 -0.00251419137179595  0.00957964233019168  0.01966981861029461  0.03012582107896946
  0.04051168606887219  0.05138225929445225  0.06182149355238619  0.07236751498102295
  0.08262331098801495  0.09291231821049398  0.10311701348770018  0.11324762831836770
  0.12341600978474979  0.13347452363446702  0.14357478777298838  0.15380478602151498
  0.16406823155369335  0.17418877269506322  0.18413407834140616  0.19383142951104460
  0.20359391590751691  0.21362667217761835  0.22402866096944760  0.23449492365451327
  0.24498749787540794  0.25588103760637720  0.26698218823608405  0.27768611728400922
  0.28838341406255813  0.29891403433413538  0.30930635624874758  0.31977536312709398
  0.33014322678277058  0.34055418498246315  0.35032019845447959  0.36032598775756297
  0.37070921300494464  0.38169969507020202  0.39276945580163292  0.40409945989984047
  0.41548821606210240  0.42676168054191443  0.43752944494440643  0.44766639440180933
  0.45771684744204766  0.46823479887630665  0.47897331003211507  0.48965909731927992
  0.50062778720000178  0.51151149585922151  0.52251060454848808  0.53281824408585576
  0.54341199666966689  0.55431089258541966  0.56553752621642228  0.57703604930314945
  0.58866811215300618  0.59995055934749864  0.61081500985540282  0.62143982067122194
  0.63243681452931699  0.64439620934372444  0.65689366470159860  0.66912881709169758
  0.67996985227597762  0.69031593128324842  0.70062309102851339  0.71109545803063856
  0.72177171325849210  0.73206525120857291  0.74226410555384037  0.75267468510524183
  0.76388837851740987  0.77532030827068688  0.78662122491000630  0.79771070791951670
  0.80863782007034246  0.81916619856532269  0.82936371230210892  0.83940888818628245
  0.84940086249048807  0.85955602448554269  0.86969554326603637  0.87997135065238075
  0.88989237387782993  0.90009014631956274  0.91056486776100476  0.92140723327319707
  0.93233059856495615  0.94271967924407463  0.95246618288711860  0.96180473002356026
  0.97107402965721279  0.98052018284588249  0.98993757595021703  1.00000000000000000
  0.06897658169836979  0.10012206407034249  0.11934362557030624  0.13845518661153794
  0.16053627333498019  0.17980910845039144  0.19513913920905107  0.20839199088071025
  0.22123344995186264  0.23479807223389168  0.24928458140403897  0.26387622965304025
  0.27792645560545615  0.29166637237084747  0.30478663194843536  0.31749173285700927
  0.32949798285245019  0.34165949877462792  0.35407654719872123  0.36751819611455938
  0.38088737726780064  0.39379510529636197  0.40646715836102387  0.41860369459138119
  0.42996303474435243  0.44147519502087618  0.45353882498295228  0.46657316620714029
  0.47961701004651819  0.49186553197419475  0.50408565274126027  0.51593881858410395
  0.52728489844192650  0.53852169741936762  0.54972623942125043  0.56088152920383494
  0.57099927382436755  0.58074498664741503  0.59025036532495145  0.60035051319360166
  0.61016854181812052  0.62008032295219084  0.62993935427101455  0.64029280862348359
  0.65051891841301335  0.66066879605793094  0.67076155353909561  0.68058014568281466
  0.69019823006729941  0.69944074249930965  0.70863462634068719  0.71742643014450092
  0.72584720325264662  0.73445688228011841  0.74341456659304506  0.75263468301052405
  0.76123014228204544  0.76953985816578940  0.77770296311535569  0.78606439466876488
  0.79440050824054442  0.80270046305319820  0.81102703510518614  0.81928200667652684
  0.82741400522942687  0.83540898165904809  0.84319627935953267  0.85064542979105762
  0.85769861958465732  0.86454518277117842  0.87132255093222877  0.87769809093138884
  0.88387683549117702  0.89001695951400772  0.89598830832800302  0.90161001120157092
  0.90705260411310951  0.91249211489963800  0.91776350287669295  0.92285810512299871
  0.92783246946207298  0.93275193552371849  0.93754099004012070  0.94217612344995649
  0.94675591057210962  0.95135642547620514  0.95591492163157799  0.96030929308414281
  0.96471598120823021  0.96914596262132857  0.97379422450165953  0.97862254705025353
  0.98341539630251440  0.98824130207428074  0.99376050948891737  1.00000000000000000
 -0.01901105713475604  0.10588262050431710  0.14085578834815868  0.16166235728644540
  0.17822432726743034  0.19263960266021041  0.20579371579649169  0.21837048821975066
  0.23064535694257976  0.24240163626537620  0.25325127480219883  0.26325458324517748
  0.27235384568243254  0.28097705434157189  0.28951104874614098  0.29801556962787368
  0.30628188343017321  0.31405391366783653  0.32135756824828632  0.32850170614935204
  0.33560501390132874  0.34272081091481055  0.34991482255436795  0.35713911772235957
  0.36429866206602135  0.37128961289069895  0.37791048891674667  0.38409749861280912
  0.39020050867965544  0.39611699145131102  0.40166536603394998  0.40748980032719068
  0.41333492146410811  0.41940733050302387  0.42540406812117504  0.43121715935217436
  0.43693927143464889  0.44264020882719929  0.44842345607617629  0.45436038084680092
  0.46037041552061336  0.46628476076088199  0.47209610812188363  0.47793508109869981
  0.48382451212860778  0.48997534009120464  0.49603164204175670  0.50189918744589057
  0.50778933543673177  0.51358320853862605  0.51932590537469581  0.52504486415116558
  0.53071817751344985  0.53645486722000080  0.54240397602378521  0.54851887628830309
  0.55464796562157170  0.56077491166578297  0.56700814907325281  0.57315023164357914
  0.57929971493141508  0.58558910336669900  0.59185871064687390  0.59802917477279682
  0.60392252685477288  0.60965969060316461  0.61548888683869318  0.62139336321277983
  0.62739449489873778  0.63344333384015616  0.63944908505498943  0.64559840698906801
  0.65191041427575469  0.65848031102060822  0.66554653259202246  0.67285446713942254
  0.68052659553466976  0.68791804559952008  0.69554868298457728  0.70308375012199631
  0.71099000703301296  0.71962725755903079  0.72853408648599116  0.73735919314568332
  0.74602496018845732  0.75512189357569848  0.76483280226145745  0.77562403831267313
  0.78650703018670265  0.79756767969937137  0.80961099636069878  0.82357699067882972
  0.84096361928839325  0.86318870318893681  0.89875859688723692  1.00000000000000000
   6.2701104202376348       -1.0000000000000000     
 T T T F T F F F F T T T T T T F F T T T T T T F F F F T F T T T F F F F F F F F F F F F F F F F F F F F F F F F F F F F F F F F
  <DiscreteSampler_grid>
  grouped_processes
  1 # 1 for a reference and 2 for a running grid.
  10 # Attribute 'min_bin_probing_points' of the grid.
  1 # Attribute 'grid_mode' of the grid. 1=='default',2=='initialization'
  0.0000000000000000 # Attribute 'small_contrib_threshold' of the grid.
  0.5000000000000000 # Attribute 'damping_power' of the grid.
 # binID   n_entries weight   weight_sqr   abs_weight
    10   10   3.835023207067122E+008   1.019006278646579E+018   3.835023207067122E+008
    16   10   3.834771449003403E+008   1.019006245845695E+018   3.834771449003403E+008
    22   10   3.834771449003403E+008   1.019006245845695E+018   3.834771449003403E+008
  </DiscreteSampler_grid>
