  0.00005142379798246  0.00005167640351884  0.00005231774179235  0.00005299122185643
  0.00005360887208962  0.00005422914418548  0.00005484994624405  0.00005548017685468
  0.00005612585162275  0.00005677903952122  0.00005743177946100  0.00005809597980170
  0.00005880557835160  0.00005953247117755  0.00006028129834430  0.00006104795350888
  0.00006184208216767  0.00006266746385691  0.00006350660448049  0.00006434860976040
  0.00006516784510487  0.00006610546839984  0.00006705025264540  0.00006801366248773
  0.00006900192872432  0.00007001307183217  0.00007104345764573  0.00007209512091979
  0.00007316743726792  0.00007425457205334  0.00007554906430114  0.00007683889932832
  0.00007813938131653  0.00007945746730335  0.00008080156232136  0.00008216606085216
  0.00008354730661701  0.00008507687859841  0.00008668982032108  0.00008832439135445
  0.00008998576812784  0.00009167700632727  0.00009338653911657  0.00009516770126732
  0.00009711790835944  0.00009919964922660  0.00010127473614375  0.00010339275959062
  0.00010554888657496  0.00010778117329588  0.00011014087617851  0.00011271881687602
  0.00011533291805535  0.00011803788445418  0.00012079641320790  0.00012371832263133
  0.00012695740985788  0.00013034475727629  0.00013387596670629  0.00013744901740087
  0.00014134116074578  0.00014554747245149  0.00014986506225508  0.00015432515470044
  0.00015909468385613  0.00016437000034064  0.00016998459318025  0.00017576121025757
  0.00018198786046734  0.00018886201296997  0.00019610717841429  0.00020372247014837
  0.00021235693380949  0.00022158151394751  0.00023146883006636  0.00024266598510788
  0.00025450390659808  0.00026712426833698  0.00028172786217748  0.00029675730181175
  0.00031374604654516  0.00033289676953859  0.00035514859670093  0.00038005530240788
  0.00040753006253551  0.00043860325023208  0.00047591780990157  0.00051895639999768
  0.00057087344183975  0.00063455871375056  0.00072430628330388  0.00084524087440592
  0.00103876491144314  0.00137286625543513  0.00199647902973045  1.00000000000000000
 -0.00198144141110737  0.00914994657097373  0.01901684728140649  0.02958008666790757
  0.04028173989876579  0.05114302162070455  0.06194322233149733  0.07307040102584142
  0.08442098179615226  0.09565076418732658  0.10654096648819857  0.11698358053931743
  0.12749650189183057  0.13791831127364243  0.14799124022124013  0.15783999865464796
  0.16765903092946494  0.17775842749273738  0.18821044046391777  0.19880272106256014
  0.20945640852203323  0.21966059581730918  0.22984364506104005  0.23978026012698167
  0.24972610634117487  0.25959281675811724  0.26925997659595591  0.27896158646393654
  0.28885132313861395  0.29937615099276960  0.31003548663480746  0.32052522630402025
  0.33093613501747543  0.34159596730854369  0.35262145656515964  0.36366414064718355
  0.37490290515284824  0.38598388705965392  0.39687964066202630  0.40724915135454198
  0.41755288882528802  0.42800401100174501  0.43854714603383677  0.44895119850459314
  0.45948552662514691  0.47015385668529702  0.48080893975536015  0.49112676635297026
  0.50167965074584553  0.51220447837902594  0.52288536412073916  0.53341023123769238
  0.54415651927195385  0.55488668479494219  0.56583698670513338  0.57687523476601288
  0.58788881257035808  0.59859854210533781  0.60906425614471382  0.61946588716049378
  0.62996348807433866  0.64066203301606350  0.65143883607883435  0.66207313117153666
  0.67258447957366485  0.68331261509460239  0.69407322480627420  0.70479977359357038
  0.71529416369551946  0.72586957038079269  0.73657177516047956  0.74708733443359332
  0.75767173985404590  0.76801564087553553  0.77845956508464864  0.78870294936123575
  0.79897183376710190  0.80940480544401960  0.81998676630585987  0.83045151734487266
  0.84098180056798510  0.85148713127469500  0.86231938649586015  0.87354345159174296
  0.88426372177667312  0.89481477674856980  0.90490393131434066  0.91479397275735486
  0.92501605526505248  0.93517445189572634  0.94603239542451423  0.95692011277305522
  0.96823317461364344  0.97915476122958800  0.98966901960534448  1.00000000000000000
  0.00737249678432934  0.01711365068388562  0.02774981052255972  0.04132541764146890
  0.05421346797469341  0.06671875541309397  0.07868026474471447  0.09044794076856533
  0.10198998155446190  0.11344881498022541  0.12474811153911031  0.13600121568639850
  0.14720072623807468  0.15821242724359794  0.16922922184202241  0.18044524798364261
  0.19172316764542299  0.20280300421190153  0.21360770592634487  0.22436548709618268
  0.23531763645950166  0.24624113695636299  0.25703944757554037  0.26774724979705494
  0.27859123346918047  0.28966451904916279  0.30074509916981246  0.31178743901599154
  0.32275129731837227  0.33368100093518910  0.34468227859388917  0.35536792014702318
  0.36569888767178155  0.37584669574714236  0.38575233650576934  0.39552932364588628
  0.40549742778057418  0.41553366671789049  0.42645524593037876  0.43739551019119727
  0.44858050183564874  0.45959425904486201  0.47037019065731273  0.48096912661951891
  0.49139430553731617  0.50208442208495185  0.51271079697891742  0.52332286229417835
  0.53356790995278947  0.54412375698643689  0.55452359156431019  0.56498386015717827
  0.57509992741890825  0.58546511923307676  0.59562943045744376  0.60570302417742161
  0.61570875680680015  0.62575289352420826  0.63605929103859071  0.64617504933199099
  0.65646251930065103  0.66671968824982497  0.67705060395266992  0.68718299570754227
  0.69723154504969898  0.70730109958083487  0.71738959417866444  0.72742198545838144
  0.73740165416416970  0.74745514219664644  0.75762617840347224  0.76780888238737166
  0.77776040563195825  0.78756844322384401  0.79737685247928014  0.80730424232340492
  0.81718727111553158  0.82677747117530520  0.83644810384521617  0.84610931842323622
  0.85555560774543393  0.86452821274419611  0.87337434171487882  0.88227922800273562
  0.89128192427143094  0.90048341386777153  0.90965632791949735  0.91869486915029808
  0.92769530602044448  0.93684675124295380  0.94607651758317290  0.95524023045464779
  0.96452670488526537  0.97444723003946054  0.98605931658598522  1.00000000000000000
 -0.01656135114021595  0.10023467520851052  0.13478212223877784  0.15655789901958161
  0.17418490213136850  0.18921013462395578  0.20265588475879306  0.21502296901899748
  0.22654907085975226  0.23725250966116146  0.24733505555407023  0.25695718725262856
  0.26629292560579348  0.27526003274569621  0.28372828652920651  0.29191578952999930
  0.29991252772489629  0.30778351575053231  0.31548288328181834  0.32311442090439918
  0.33073257447989068  0.33819802913577479  0.34548913982332619  0.35262008141520279
  0.35961167770736080  0.36651038320239154  0.37334736160164372  0.38009873307365405
  0.38664399186588638  0.39317929125072210  0.39944497478958441  0.40565626387423293
  0.41176372634174341  0.41778501461837447  0.42374899967609791  0.42964495678554820
  0.43557540346459700  0.44151093688296755  0.44740735184785685  0.45324378029381768
  0.45898564479410414  0.46464394307706758  0.47032157973848537  0.47603944878932458
  0.48174845626747154  0.48746654736516415  0.49307682943580117  0.49878923962615568
  0.50458574963039038  0.51052316041361057  0.51648500131015140  0.52241473503822045
  0.52826913169515610  0.53409037619689037  0.53986886582523874  0.54558710819504030
  0.55137778969074513  0.55727844035061613  0.56323551069661071  0.56929816215347218
  0.57539923271887483  0.58152339877356629  0.58764904820846153  0.59386084914111748
  0.60002790087264879  0.60625142575329627  0.61246523628723859  0.61867427274822973
  0.62497377497533524  0.63141284509278228  0.63793770824409712  0.64450633622473430
  0.65122049666012605  0.65810953723919885  0.66512534852821192  0.67231899626997826
  0.67961400570985464  0.68705288667700415  0.69480012302119265  0.70279180557704468
  0.71092236797086850  0.71931252304846816  0.72786783289184209  0.73655112851438775
  0.74531391315304985  0.75450227067672615  0.76429664846944956  0.77473074772392314
  0.78583665812565884  0.79796559873391160  0.81154450430016944  0.82680379528047188
  0.84478341550419855  0.86609738325476771  0.89971899997831051  1.00000000000000000
   90.875608857270038       -1.0000000000000000     
 T F F F F T T F F T T F F F F T F F F F F F F F F F F F F F F F
  <DiscreteSampler_grid>
  grouped_processes
  1 # 1 for a reference and 2 for a running grid.
  10 # Attribute 'min_bin_probing_points' of the grid.
  1 # Attribute 'grid_mode' of the grid. 1=='default',2=='initialization'
  0.0000000000000000 # Attribute 'small_contrib_threshold' of the grid.
  0.5000000000000000 # Attribute 'damping_power' of the grid.
 # binID   n_entries weight   weight_sqr   abs_weight
    10   10   1.186746657848269E+011   5.384988779428705E+022   1.186746657848269E+011
    16   10   1.186959861423355E+011   5.385056616812762E+022   1.186959861423355E+011
  </DiscreteSampler_grid>
