  0.00001881742408847  0.00001986861772909  0.00002048883382101  0.00002093128210620
  0.00002144485423127  0.00002199249874095  0.00002254382837222  0.00002309452854021
  0.00002367070906981  0.00002426786617663  0.00002489099439703  0.00002552079641549
  0.00002612945884410  0.00002674222514682  0.00002740517599512  0.00002811395245020
  0.00002886306999882  0.00002963968312884  0.00003046694035147  0.00003133696022997
  0.00003222896842495  0.00003312740878650  0.00003404078306374  0.00003499655215863
  0.00003599212218186  0.00003702570847239  0.00003808439567828  0.00003921826090579
  0.00004038780428819  0.00004160460475498  0.00004281544525383  0.00004401454038693
  0.00004528228367963  0.00004659954941982  0.00004795774146606  0.00004934872401269
  0.00005081341952313  0.00005244687181105  0.00005410035877678  0.00005580356531826
  0.00005763497454080  0.00005965412484946  0.00006177283657744  0.00006397981895102
  0.00006636289285401  0.00006892385329174  0.00007159484408911  0.00007432056905534
  0.00007745716634493  0.00008080091586593  0.00008437379759522  0.00008813328500462
  0.00009204930998221  0.00009625461825081  0.00010096879490636  0.00010582456308302
  0.00011109894808125  0.00011684011780465  0.00012285004569197  0.00012924682556399
  0.00013589761543064  0.00014320744918394  0.00015099567777592  0.00015925726427431
  0.00016819495693091  0.00017772151241984  0.00018866221554438  0.00020021358262902
  0.00021340747483452  0.00022687663454931  0.00024228648710561  0.00025886303928986
  0.00027821375014013  0.00029921168581070  0.00032194750683646  0.00034641383334911
  0.00037333897595888  0.00040364748039297  0.00043820674353840  0.00047855597979220
  0.00052564995854120  0.00058111317534111  0.00064518385576846  0.00071414141982864
  0.00078830113958456  0.00087534076750740  0.00098117465617257  0.00110304149646919
  0.00124440792677786  0.00140873219339018  0.00160391648397574  0.00185407642465851
  0.00234385685641338  0.00301661224791352  0.00571394543336035  1.00000000000000000
  0.00001918173496697  0.00002054838731795  0.00002170703721822  0.00002303516047845
  0.00002429048852388  0.00002561918376216  0.00002686378628629  0.00002809785165826
  0.00002934550489756  0.00003062793967918  0.00003205449185140  0.00003348171881191
  0.00003498710123646  0.00003654301347388  0.00003814896260745  0.00003981108813953
  0.00004159340604971  0.00004331715171445  0.00004517693350339  0.00004717564891012
  0.00004930133111243  0.00005150412242516  0.00005383431494603  0.00005604888245592
  0.00005841207442886  0.00006091602164998  0.00006348898449451  0.00006615888997043
  0.00006891219914292  0.00007175947544700  0.00007474150953857  0.00007785233222214
  0.00008103787615907  0.00008420370342482  0.00008745883497057  0.00009083336433295
  0.00009407041875787  0.00009755808250842  0.00010123032725103  0.00010492624123050
  0.00010903566646145  0.00011356802110994  0.00011815730319243  0.00012274429332656
  0.00012761139960071  0.00013262170972740  0.00013776448011032  0.00014313784276189
  0.00014873975623245  0.00015448006376132  0.00016039454550465  0.00016668777887354
  0.00017316924436854  0.00018006020632827  0.00018731123416110  0.00019482629122619
  0.00020218885957529  0.00021017991103869  0.00021853503679786  0.00022707783823024
  0.00023619659015038  0.00024574018407964  0.00025534824348564  0.00026541226165322
  0.00027640806829183  0.00028792211799433  0.00029997977182235  0.00031297057181988
  0.00032675508741230  0.00034136744860171  0.00035806529889914  0.00037525272875748
  0.00039389723429353  0.00041398314467879  0.00043547386327390  0.00045902058110020
  0.00048447878612947  0.00051307487608078  0.00054401411913514  0.00057853878330130
  0.00061678650566358  0.00065729647185627  0.00070527409057400  0.00075934806919843
  0.00082006471958404  0.00088198013316163  0.00094875396182458  0.00102157532854944
  0.00110392622563772  0.00120017559117148  0.00128522841993512  0.00137698217909114
  0.00150003716850112  0.00197070836159391  0.01876923430931802  1.00000000000000000
 -0.00215793277884541  0.01137203088709049  0.02267287566152954  0.03351844083627000
  0.04383123663065453  0.05396484862965741  0.06425674623349933  0.07465101305260383
  0.08503073299754170  0.09528682474559116  0.10527860375532544  0.11504536414593994
  0.12447755718425729  0.13396567104786467  0.14392173701491212  0.15420058654835858
  0.16446478175512885  0.17477430656382700  0.18495042031861067  0.19526351628690608
  0.20539389427709709  0.21539453301512496  0.22533536011395935  0.23555908431206721
  0.24607561386539012  0.25664211941143900  0.26721216527171665  0.27770820203692709
  0.28825820176575473  0.29892580438744476  0.30953375285285772  0.32016867112159231
  0.33070393193381808  0.34118781955699345  0.35187052034349625  0.36261301956353698
  0.37333331764146527  0.38401033857065253  0.39463728144157140  0.40520863919214939
  0.41579854787006376  0.42662235047150132  0.43758412938558461  0.44864904772395037
  0.45996442333508536  0.47128937809108035  0.48270006809695964  0.49444467576605017
  0.50643218978424620  0.51805322595116376  0.52890009344568623  0.53958365041928469
  0.55032765006273654  0.56109756625265039  0.57213681346357226  0.58316616509979935
  0.59400261067289395  0.60477823476030790  0.61578967698650555  0.62707747608368614
  0.63877080229379946  0.65022269008778777  0.66171815687966040  0.67293812710786616
  0.68405097422423378  0.69526963619682514  0.70662448265008615  0.71804080312292129
  0.72908106111479765  0.74002429354006860  0.75077691360721488  0.76146484347011600
  0.77230723299496407  0.78288181128039580  0.79293545633759543  0.80253585613595846
  0.81242592290694671  0.82259503580125093  0.83273493700898171  0.84298948696291298
  0.85350696657141079  0.86387867733852675  0.87417715635325699  0.88410430183445587
  0.89369659094642850  0.90273216608699969  0.91188290295345587  0.92111966150645919
  0.93032927447359615  0.93972072842885968  0.94942808003005197  0.95928722923759013
  0.96879316413064298  0.97835085084456808  0.98910078916630972  1.00000000000000000
 -0.00244422860338373  0.00968195826883996  0.02043186901862298  0.03135412950257953
  0.04229688463643393  0.05326906541368515  0.06431695927792129  0.07550360390796552
  0.08672920774228146  0.09805400155235118  0.10903049048643340  0.11953573590717755
  0.12999488562653128  0.14062325901313782  0.15135924939238865  0.16177339839515756
  0.17234535210424520  0.18271292077169191  0.19297596038655518  0.20326485579590431
  0.21377114825433996  0.22461570419265806  0.23539200979084676  0.24618098747155617
  0.25684929924760819  0.26731942036609735  0.27779046771331861  0.28810021121099638
  0.29856128087253764  0.30893148605118070  0.31941519775745564  0.32975474778820857
  0.34000479941653894  0.34990433118267555  0.35994582903908295  0.37006888412364375
  0.38011157204340079  0.39008990572133750  0.40035525603460942  0.41117877077899573
  0.42190968014230867  0.43206118845172831  0.44210420599593286  0.45204655004018646
  0.46196532528212958  0.47181006615130566  0.48177924009809747  0.49222789562906144
  0.50304452545903744  0.51396239662251597  0.52507255791307972  0.53632522733420085
  0.54729816964789002  0.55789699908779078  0.56826703075034823  0.57847176062699024
  0.58873867941150260  0.59897700068862936  0.60923234031945595  0.61960439274293666
  0.62978760388121235  0.64024724213489703  0.65038648272729471  0.66055359459668961
  0.67086581411441581  0.68136507999056783  0.69185716925245411  0.70276947943125934
  0.71391385192114842  0.72565089079118006  0.73702820733063001  0.74844890651369156
  0.75941440676004546  0.77003195006853542  0.78023781793460945  0.79030691786930485
  0.80044337706184110  0.81056379061993056  0.82085155366032558  0.83140508350587328
  0.84172300640205333  0.85236548710202964  0.86313780665590367  0.87415336589450543
  0.88489597256776620  0.89548125506660592  0.90641015811606462  0.91684648571683913
  0.92734516189460703  0.93757684190873247  0.94857919102310673  0.95926630806554836
  0.96948498588009480  0.97957461162353399  0.98974791184342736  1.00000000000000000
 -0.00264194673710738  0.01041686235937653  0.02042584821861797  0.03052726602869354
  0.04035699575355311  0.05056856898441090  0.06043891025717153  0.07062704211802726
  0.08096925975999210  0.09179208830036992  0.10315921905004855  0.11393310373241548
  0.12443152442514967  0.13443281072314769  0.14459976689385193  0.15482389476799496
  0.16513084663750807  0.17587251891967498  0.18674254036452642  0.19778329419665486
  0.20843230500453383  0.21878093179583918  0.22912537888281037  0.23956431188540808
  0.25032032842415569  0.26073716043480444  0.27129400877733639  0.28152818045408196
  0.29225547335523883  0.30336347045710255  0.31426070114343824  0.32499993730980059
  0.33564230107681881  0.34684694700815677  0.35813919755311763  0.36903867582065825
  0.37981378039525365  0.39062701626408874  0.40192846018350975  0.41320191070904927
  0.42418989703847143  0.43486669350263862  0.44541605529830097  0.45590380613743459
  0.46583560004098845  0.47570179680700814  0.48581036502860658  0.49618573867226695
  0.50638464912284675  0.51645663712121015  0.52671487505157577  0.53689668971973892
  0.54693190339309639  0.55690941081364520  0.56715659225095705  0.57783309599439059
  0.58867421528095076  0.59949069064432825  0.61035333874568676  0.62115678459793278
  0.63193151879550413  0.64256779542139408  0.65330015998702828  0.66469910758926343
  0.67567390018281948  0.68652412116291683  0.69683741022809598  0.70690717686757376
  0.71710046058726939  0.72746008301085985  0.73810951705043404  0.74922059326258983
  0.76058133889367030  0.77192757834228387  0.78283667923173650  0.79371238404469291
  0.80471790818798627  0.81542783756596293  0.82553807383509725  0.83562494417681765
  0.84605771204312530  0.85636725241318601  0.86628775331574914  0.87599056908608264
  0.88626944658863860  0.89708871012357927  0.90814116733263772  0.91897314757256354
  0.92889103126752315  0.93883542014232657  0.94887710171346573  0.95933607290307943
  0.96955152922351340  0.97962174031110849  0.98987938334072922  1.00000000000000000
  0.08146723800563430  0.11849025614504649  0.13108921963117659  0.14456631207501117
  0.15771234858754102  0.17046152885132085  0.18332810882897818  0.19673766716314381
  0.20930690273952743  0.22269774654130442  0.23654228000431238  0.25055901622976923
  0.26433234067785111  0.27803297685208106  0.29014144230865746  0.30226439147155326
  0.31439561556514217  0.32629551305138477  0.33773243294379152  0.34891117008674793
  0.36033322619604952  0.37177155867524869  0.38287730052032892  0.39360784107477770
  0.40440988141387019  0.41531925012595866  0.42644340676738723  0.43712764019058042
  0.44781264455524877  0.45789356954068072  0.46799362581432569  0.47806127302442569
  0.48815649250420129  0.49825266865044726  0.50806949456299044  0.51766846799450195
  0.52700165125475795  0.53571805569613107  0.54451720166684836  0.55330863629190175
  0.56227330766014483  0.57152392665192198  0.58097199073811323  0.59061393397971607
  0.60015708500877085  0.60953248981409547  0.61868307320951688  0.62773056504344926
  0.63657987256831383  0.64517170317263162  0.65378038686816897  0.66260663827261757
  0.67160810155143524  0.68053018561896561  0.68910785194485391  0.69737360451931640
  0.70554504160715792  0.71379464541637672  0.72219352621576627  0.73057958766980446
  0.73881314757557537  0.74701541536266769  0.75515680320290590  0.76307033073563835
  0.77080264706927093  0.77832790876952540  0.78557478991842888  0.79280179222805580
  0.80011065952928573  0.80752980567828336  0.81512618574169304  0.82285851247951414
  0.83054143463921160  0.83793914341406417  0.84497211006531003  0.85188085383361944
  0.85879000621663559  0.86580400849818462  0.87273430701794197  0.87923032943741963
  0.88546180946041286  0.89167154969561979  0.89811957615939930  0.90493684080259540
  0.91189989239290614  0.91869637069913390  0.92535637575645102  0.93202224370437370
  0.93882815893498572  0.94583608537217700  0.95305887220691166  0.96032857216926648
  0.96805860418320611  0.97643351930740763  0.98704549519624685  1.00000000000000000
 -0.01961660127963875  0.12714472283898035  0.17416609345509129  0.20541096052113592
  0.22942426478299466  0.24971688741838238  0.26866737558787612  0.28636863341522711
  0.30234397396765711  0.31700021584492127  0.33076652436352821  0.34358851682486818
  0.35562893415617952  0.36703881223271978  0.37835416350420142  0.38935705429459450
  0.40000502767796675  0.41042787353149990  0.42061180456894914  0.43026132061301225
  0.43943008390118354  0.44844921780381458  0.45747425818567716  0.46615926063603275
  0.47470697577101162  0.48311485633069046  0.49138317814914623  0.49957521894571777
  0.50737075158881650  0.51483883625101678  0.52207480229381154  0.52921482365994466
  0.53645676575331236  0.54350859334409818  0.55035424814116707  0.55700042687303430
  0.56357988719492624  0.57006967916405960  0.57652483134530530  0.58293412946361622
  0.58924510670071573  0.59552590180750831  0.60181459000515403  0.60793912891556978
  0.61390513394844770  0.61969264511739586  0.62540255020469915  0.63123519422536178
  0.63725002510901330  0.64304586577907041  0.64858741380233931  0.65405425676488760
  0.65950016678832091  0.66501977838047477  0.67050907445603070  0.67589820769703157
  0.68125305259941471  0.68667265812899503  0.69217382561673479  0.69772390449216215
  0.70332359259519317  0.70866420442416811  0.71393506562313458  0.71903134039913197
  0.72404296823547853  0.72915489557427693  0.73434899142578791  0.73976509713704908
  0.74534598161021259  0.75085524453869468  0.75604581084333944  0.76110987099089245
  0.76610318321327098  0.77106270330464621  0.77614207511876820  0.78135509365726441
  0.78668059889651565  0.79213076617813183  0.79761015442388827  0.80303501854942583
  0.80848298240769312  0.81410151681733023  0.82015271899369380  0.82654637522257413
  0.83312996646162640  0.84015946234393601  0.84727660880676581  0.85475109226873369
  0.86276996400934869  0.87120995480145880  0.88048613606648174  0.89147203580974399
  0.90430743727448704  0.92068777605727770  0.94601084547646963  1.00000000000000000
   6.0792292575985122E-003  -1.0000000000000000     
 F T T T T T T F F F F F F F F F F F F F F F F F F T T T T T T F F T T T T T T F F F F F F F F F F F F F F F F F F T T T T T T F
  <DiscreteSampler_grid>
  grouped_processes
  1 # 1 for a reference and 2 for a running grid.
  10 # Attribute 'min_bin_probing_points' of the grid.
  1 # Attribute 'grid_mode' of the grid. 1=='default',2=='initialization'
  0.0000000000000000 # Attribute 'small_contrib_threshold' of the grid.
  0.5000000000000000 # Attribute 'damping_power' of the grid.
 # binID   n_entries weight   weight_sqr   abs_weight
    10   10   6.787066809221460E+005   1.171722738790640E+012   6.787066809221460E+005
    11   10   6.828566268913131E+005   1.172596932718969E+012   6.828566268913131E+005
    16   10   6.787066809221460E+005   1.171722738790640E+012   6.787066809221460E+005
    17   10   6.828566268913130E+005   1.172596932718969E+012   6.828566268913130E+005
    22   10   6.787066809221460E+005   1.171722738790640E+012   6.787066809221460E+005
    23   10   6.787066809221460E+005   1.171722738790640E+012   6.787066809221460E+005
  </DiscreteSampler_grid>
