  0.00001887593640703  0.00001995605390132  0.00002072967223100  0.00002151399444845
  0.00002232028077896  0.00002315506428083  0.00002402850874061  0.00002495003883063
  0.00002591365449434  0.00002691598316689  0.00002799819810348  0.00002917388338418
  0.00003038395275721  0.00003166511145215  0.00003297501788859  0.00003432179065227
  0.00003579056892349  0.00003747178066369  0.00003918696867594  0.00004094685277884
  0.00004267699151246  0.00004440026427936  0.00004619204894897  0.00004806832478037
  0.00005003439346353  0.00005224158482677  0.00005457000384944  0.00005699050710827
  0.00005953173848305  0.00006214494016292  0.00006483658076287  0.00006768854964340
  0.00007066110233683  0.00007365555600443  0.00007679570954982  0.00008015169016050
  0.00008366441787034  0.00008748781504284  0.00009165067082524  0.00009545753838258
  0.00009958430838100  0.00010381193303503  0.00010806320150798  0.00011298400880228
  0.00011794411816556  0.00012316351244531  0.00012879676947104  0.00013468690734656
  0.00014056098771228  0.00014729200829477  0.00015406808084004  0.00016151424541889
  0.00016937508158278  0.00017755848376163  0.00018615745083336  0.00019516259272142
  0.00020452128219133  0.00021468342014005  0.00022497135148644  0.00023594383125847
  0.00024758317529959  0.00025988609377848  0.00027320762772051  0.00028724662035964
  0.00030197921837144  0.00031768529318583  0.00033401526243203  0.00035142677347812
  0.00036978070652165  0.00038933569790214  0.00041022157890610  0.00043212811701347
  0.00045575908707114  0.00048099276170421  0.00050810694426100  0.00053779674369335
  0.00056912289839279  0.00060293313690648  0.00063998827888317  0.00068066840185694
  0.00072665742681647  0.00077633445481173  0.00082885149818078  0.00088721316286496
  0.00094872322826644  0.00101522525435422  0.00109361389180345  0.00119141184033896
  0.00130699806046369  0.00143945377727339  0.00158742756849350  0.00172157702526459
  0.00190268520599923  0.00212824546768080  0.01323618054968523  1.00000000000000000
  0.00001937067663763  0.00002065677854668  0.00002184834242126  0.00002308590176997
  0.00002433431384502  0.00002565872928050  0.00002706619229178  0.00002853427208718
  0.00003001820835651  0.00003155769813866  0.00003317728075136  0.00003481841688454
  0.00003653447212574  0.00003830192630988  0.00004017959307856  0.00004219792692328
  0.00004429443684829  0.00004649487152403  0.00004875850767379  0.00005110264973131
  0.00005358843532888  0.00005617330798825  0.00005900011925081  0.00006198723155240
  0.00006509907275336  0.00006839001859971  0.00007187032387391  0.00007562172975034
  0.00007967787538472  0.00008390538298658  0.00008857985756281  0.00009346481006764
  0.00009891351841012  0.00010462409234582  0.00011070829147424  0.00011715909148575
  0.00012402350315684  0.00013132108692746  0.00013903097238346  0.00014726811178699
  0.00015609543117192  0.00016545269959478  0.00017540586473345  0.00018588510252385
  0.00019720856185232  0.00020945088564932  0.00022261224817062  0.00023633428167237
  0.00025082344257759  0.00026611077971521  0.00028301458121168  0.00030127552254753
  0.00032145931132127  0.00034276681129795  0.00036521679454706  0.00038832751809776
  0.00041263343965927  0.00043853779157612  0.00046595614390757  0.00049381153767060
  0.00052191042027476  0.00055047019547758  0.00058171460256999  0.00061680981509558
  0.00065231485410286  0.00068770254475968  0.00072031019856536  0.00076071762732291
  0.00080164569550666  0.00085205377260074  0.00090101429657324  0.00095156622530577
  0.00099901633379938  0.00104816383989775  0.00110552580434841  0.00115826293390276
  0.00120538959362299  0.00124939444575413  0.00129549154789658  0.00134395369500359
  0.00140144569682540  0.00147649571718705  0.00157463006842658  0.00166439532174997
  0.00171994441776682  0.00179622073597195  0.00194747241828293  0.00221765755752422
  0.00271645961604551  0.00292063590192597  0.00312481218780642  0.00343784476545320
  0.00376629922336006  0.00846089959460554  0.01510833468416794  1.00000000000000000
 -0.00173632522822597  0.00732235469075686  0.01586279424764258  0.02522483234480292
  0.03509905531101457  0.04477341928285108  0.05431854594056343  0.06428771864541012
  0.07476606684209032  0.08530944355411768  0.09565954489386837  0.10567191749643588
  0.11487613436475327  0.12321636476040826  0.13196575470147995  0.14101463232001549
  0.15108568006219222  0.16168270168050430  0.17182363675014706  0.18163152711710637
  0.19134741282983778  0.20105199982018315  0.21099553010389435  0.22097486892416671
  0.23091698940311550  0.24082215918330280  0.25050571301197594  0.25991464289406102
  0.26920393642582424  0.27856892158281754  0.28789076222133675  0.29709387158591616
  0.30624318900121322  0.31549649019473108  0.32492996358039694  0.33444284310394895
  0.34398927318550571  0.35360620539647736  0.36335977963375310  0.37316523174834337
  0.38300940322138177  0.39255198419323734  0.40208906105190967  0.41170944466332499
  0.42144356130979305  0.43121034476064241  0.44058358896300021  0.44981207556919139
  0.45906554182613862  0.46844177764844025  0.47798277684957402  0.48744108090032517
  0.49692528792827262  0.50663622380988294  0.51640663776752904  0.52612337496277239
  0.53584542502146715  0.54565824026806187  0.55572708151878802  0.56572432265241346
  0.57564645271322024  0.58568735791325244  0.59588272477939264  0.60613957789180883
  0.61639832033046027  0.62683606399562553  0.63761930972170078  0.64863555753339530
  0.65994580388967372  0.67148401112313705  0.68309038244410214  0.69446552553492746
  0.70559752679362364  0.71663138439637786  0.72781556085155641  0.73932135793052767
  0.75109117376545920  0.76282140335784432  0.77434887986421053  0.78595142719078359
  0.79794936292783802  0.81047791653874668  0.82315968755641933  0.83597226713304496
  0.84881938335387352  0.86188203556788390  0.87510592927304043  0.88827161315363745
  0.90153684970172110  0.91544022659260949  0.92980865512899880  0.94434474583430483
  0.95772637825645657  0.97097295468184752  0.98468561502976792  1.00000000000000000
 -0.00252059376348512  0.00923695295930381  0.01935399080072787  0.03023173837857222
  0.04126461155104559  0.05218566893903984  0.06325703107697409  0.07380939835497670
  0.08456262724955826  0.09491013549476711  0.10537844166214357  0.11578535628583776
  0.12614328130091890  0.13697628097564557  0.14769216455845705  0.15861781666076843
  0.16988101992113072  0.18143323696972702  0.19199802551504158  0.20212267186056609
  0.21233984411903176  0.22318644357558967  0.23387704656229474  0.24422590578232797
  0.25406319246533055  0.26406166860199071  0.27419649876404945  0.28513301297019250
  0.29612243281242839  0.30726031240608909  0.31816955256544327  0.32921026947533433
  0.34020502785208284  0.35119314948765745  0.36176168122977337  0.37228161116087460
  0.38242763252452860  0.39270443452653847  0.40292659450045959  0.41347810008038516
  0.42414299096420488  0.43504862329099364  0.44629754744411998  0.45747684509755171
  0.46842185328060798  0.47896333478974618  0.48928309670930265  0.49949325631283825
  0.50975694611808442  0.52000138412719432  0.53021121468549393  0.54042625886341489
  0.55104731242708349  0.56171907788435815  0.57206339476445567  0.58217962728181583
  0.59221227656598363  0.60255087538775287  0.61277294582525754  0.62332416477053409
  0.63387277909822570  0.64464344485245617  0.65509053938160777  0.66564793523768662
  0.67658541723289189  0.68734116554603630  0.69797199533843057  0.70849570117134419
  0.71942989936291379  0.73032242284568571  0.74103074719244777  0.75047443864451280
  0.75969608970204550  0.76868132375265874  0.77825301791799395  0.78863722450481488
  0.79897786627298495  0.80940898690756535  0.81992133787056520  0.83045420591150854
  0.84088604600781025  0.85136047461128539  0.86202271953960607  0.87290112578619972
  0.88365999442577137  0.89420994227759854  0.90503300452536584  0.91595023460309810
  0.92669170759263841  0.93730496461065294  0.94787091103409371  0.95840550559938420
  0.96862424624386045  0.97890033334993842  0.98942209312109963  1.00000000000000000
 -0.00218574123194894  0.01122616795887633  0.02248047093455165  0.03379214709690470
  0.04329251584838480  0.05317810751981782  0.06306673260738295  0.07369650279537569
  0.08531435789659926  0.09623732169317228  0.10682562737934918  0.11763773602930555
  0.12847048884399245  0.13944763409249969  0.14978607770328420  0.15980681077938769
  0.16983064953218641  0.17983660854247174  0.18986720769658968  0.19980824363220595
  0.21008144415959507  0.22046071570035231  0.23046028602882684  0.24043733823634209
  0.25075386193227817  0.26164908198899567  0.27274111734608791  0.28361955405532341
  0.29430249028181987  0.30531563496854741  0.31617702845147849  0.32696943129953526
  0.33752553371984223  0.34797606162241368  0.35852092049077916  0.36858537145260450
  0.37901627162269902  0.38972462435779454  0.40061072914685514  0.41090796820869335
  0.42091933226304351  0.43105265051850000  0.44138120710892731  0.45204812381125803
  0.46275255379028618  0.47332355360698519  0.48381879762744534  0.49422438648199485
  0.50478497448530257  0.51517198510556206  0.52576308319780507  0.53641205402026015
  0.54712504208356527  0.55807581530876493  0.56876971828365375  0.57926800216473306
  0.58924035048798662  0.59945909689297983  0.60972694642858283  0.62024548526598111
  0.63076894119430038  0.64151370255106177  0.65228073817512577  0.66307371623252565
  0.67421326243976398  0.68539160906961849  0.69630589528916886  0.70715873414212449
  0.71801983684067006  0.72884456554560750  0.73913858525814735  0.74949786941016672
  0.76032516003170736  0.77112339980257305  0.78148907513446952  0.79171063652711249
  0.80225046457519755  0.81286229741434290  0.82316729429006408  0.83330004424936732
  0.84379193446811895  0.85436656654076792  0.86476522005385947  0.87496671552021266
  0.88534345522258895  0.89585290894244585  0.90636533915836648  0.91690656626137201
  0.92707903829710658  0.93704769530263310  0.94700203064869959  0.95752210999468712
  0.96843079163083345  0.97920782188722211  0.98964359297998494  1.00000000000000000
  0.05675469652581942  0.08468594148076213  0.09698973095236839  0.10539916152456745
  0.11547885994153489  0.12542185547883872  0.13546559652357185  0.14570613212806946
  0.15677274671989078  0.16760629075604896  0.17821832124769182  0.18820789875268715
  0.19772563947602187  0.20677483483235748  0.21563118234088380  0.22402962282811417
  0.23230354375102472  0.24039037815460884  0.24861878332401791  0.25719541042391586
  0.26588883745795466  0.27452128311195556  0.28306380939712944  0.29186989874319119
  0.30118318775230402  0.31075673510513341  0.31944719345162087  0.32817763903127684
  0.33741523202998142  0.34692185523588009  0.35618549188749266  0.36482836681960307
  0.37316735850819766  0.38201748524359241  0.39110796374252049  0.40013578854134002
  0.40922048247465143  0.41864210926381551  0.42774929403072692  0.43711834464024357
  0.44510705749833990  0.45341566389255550  0.46146506430725726  0.46953031269770884
  0.47770353333213245  0.48618725504818699  0.49463962827305258  0.50320152650816619
  0.51196404038949472  0.52070292429006337  0.52972332451190995  0.53841269828625693
  0.54706009895175745  0.55560062887968131  0.56434308797865629  0.57302197358684515
  0.58177423715633803  0.59055048837201463  0.59921418364216350  0.60784225033950401
  0.61657954234408707  0.62537737656448855  0.63406554518593283  0.64272502113925423
  0.65145285283861898  0.66029849018738962  0.66912632989973231  0.67800101732139240
  0.68703593315751810  0.69622945312122453  0.70545900573333808  0.71460336802122482
  0.72359341830400370  0.73275267953404299  0.74203186101392216  0.75160111089316906
  0.76136522237700299  0.77120505336377454  0.78117352854070055  0.79123508199951653
  0.80149962125222673  0.81196460435595652  0.82268577497925266  0.83360295627366865
  0.84447363748850113  0.85528153741958757  0.86634537330616357  0.87794249183618700
  0.88976825757017020  0.90030915485129059  0.91116977269042254  0.92285119829263951
  0.93677407089592091  0.95349852188170103  0.97400412892622623  1.00000000000000000
 -0.00972545111652396  0.05343679323589303  0.07761269425890693  0.09331757811906745
  0.10568224958864120  0.11636591348329006  0.12577052454938473  0.13428588937575853
  0.14228616108781775  0.14979793195560781  0.15693106221273118  0.16383357571755627
  0.17055095156460040  0.17714208781654972  0.18363092538652492  0.18993652958188320
  0.19604229468186313  0.20208739802403630  0.20816512347040023  0.21409485015150426
  0.21939042308346157  0.22464613751870721  0.22996605753822344  0.23495570176349162
  0.24065687031907745  0.24626436112017933  0.25189830370821414  0.25752268491002817
  0.26313182733013996  0.26866874720070449  0.27434081174638919  0.28003152222491934
  0.28565037628124401  0.29125099205489091  0.29681805923063254  0.30240971093543079
  0.30813750696737341  0.31386148689227594  0.31958462438838386  0.32534753112330100
  0.33113341172100558  0.33681695934858930  0.34248419289003595  0.34818034264500491
  0.35396966211951114  0.35993747695240286  0.36602514082468401  0.37211638440644951
  0.37841884019278571  0.38497068605353774  0.39169009621616813  0.39834049777558805
  0.40498318931021426  0.41148534007352922  0.41807878807002941  0.42474851440046962
  0.43150257840221196  0.43828531308747243  0.44515144110088245  0.45211537113214406
  0.45930018285418295  0.46667806956686947  0.47408366922655282  0.48162788096009823
  0.48942993529478873  0.49711667182066138  0.50454629026379605  0.51193655070386435
  0.51955580101528875  0.52766273720984824  0.53581369843609405  0.54417350732123448
  0.55269803055704869  0.56141731242313186  0.57021516576639908  0.57933423027984243
  0.58878647520026717  0.59864395341787224  0.60870399039964684  0.61915980168069451
  0.62980090010064471  0.64063129535605490  0.65133074111426603  0.66266902767631197
  0.67486366004819487  0.68790574252227266  0.70108437295442450  0.71475487056521092
  0.72903130196722543  0.74448682494935048  0.76208864080948968  0.78322584873578038
  0.80774308129065853  0.83742208752746716  0.87966970997217853  1.00000000000000000
  0.25527709439936536       -1.0000000000000000     
 F T F T F T F F T F T F T F F F F F F T F T F T F F T F T F T F F T F T F T F F T F T F T F F F F F F T F T F T F F T F T F T F
  <DiscreteSampler_grid>
  grouped_processes
  1 # 1 for a reference and 2 for a running grid.
  10 # Attribute 'min_bin_probing_points' of the grid.
  1 # Attribute 'grid_mode' of the grid. 1=='default',2=='initialization'
  0.0000000000000000 # Attribute 'small_contrib_threshold' of the grid.
  0.5000000000000000 # Attribute 'damping_power' of the grid.
 # binID   n_entries weight   weight_sqr   abs_weight
    13   10   3.477629396668547E+006   2.356822939308614E+013   3.477629396668547E+006
    14   10   3.477629396668548E+006   2.356822939308616E+013   3.477629396668548E+006
    16   10   3.476513340161347E+006   2.356529007767971E+013   3.476513340161347E+006
    17   10   3.477629396668548E+006   2.356822939308615E+013   3.477629396668548E+006
    22   10   3.476513340161349E+006   2.356529007767973E+013   3.476513340161349E+006
    23   10   3.477629396668548E+006   2.356822939308616E+013   3.477629396668548E+006
    25   10   3.476513340161347E+006   2.356529007767971E+013   3.476513340161347E+006
    26   10   3.477629396668547E+006   2.356822939308614E+013   3.477629396668547E+006
  </DiscreteSampler_grid>
