  0.00005114159432397  0.00005514400926915  0.00005744627856828  0.00005965180979022
  0.00006184747309684  0.00006404414397333  0.00006627140571956  0.00006852620977058
  0.00007080523780659  0.00007309958079276  0.00007547784762996  0.00007804918237232
  0.00008063146079372  0.00008324160030861  0.00008597344312029  0.00008879998390447
  0.00009166622867445  0.00009458971861712  0.00009771673173836  0.00010099725178500
  0.00010433107549489  0.00010779351526945  0.00011153530422953  0.00011549892771840
  0.00011953818439305  0.00012368514249370  0.00012811458283393  0.00013264825771083
  0.00013720785150837  0.00014224791151882  0.00014763979387742  0.00015310294490892
  0.00015875122589141  0.00016477841749368  0.00017109640335660  0.00017751985706439
  0.00018422703272006  0.00019129323453975  0.00019843131265103  0.00020584319341468
  0.00021369509158323  0.00022173652482873  0.00022999204365671  0.00023869131237664
  0.00024793446994673  0.00025729569540811  0.00026688825455645  0.00027732816055017
  0.00028762322773696  0.00029852356804445  0.00031031440954561  0.00032251286452464
  0.00033471524833435  0.00034759417197668  0.00036139889247940  0.00037548097980543
  0.00039029194668529  0.00040642293120592  0.00042229644142933  0.00043863940416400
  0.00045562491373109  0.00047334112282346  0.00049170817859165  0.00051078724439451
  0.00053006267248824  0.00054869360609532  0.00056730985366163  0.00058722090932549
  0.00060780671056893  0.00062940602480658  0.00065260302692830  0.00067690251758955
  0.00070111870800682  0.00072599756001331  0.00075534391327662  0.00078648708861961
  0.00082049487426722  0.00085543569161771  0.00088816748063231  0.00091937079791295
  0.00095105242955437  0.00098518615376027  0.00102239661855969  0.00106170411292549
  0.00110393416783265  0.00114796968800646  0.00118933545450785  0.00122896433301796
  0.00126968878094895  0.00131247408353236  0.00135794129158947  0.00140676953229592
  0.00146070993248570  0.00159508980677300  0.00529472698120692  1.00000000000000000
 -0.00214609867501665  0.01043368293394949  0.02103165746254469  0.03153004214230092
  0.04222840327343119  0.05325641926352127  0.06420909585967764  0.07441627501798447
  0.08454087924310902  0.09497787534557021  0.10563578254378164  0.11628616468754475
  0.12682628413204927  0.13743958119285721  0.14817883334080856  0.15911302559359775
  0.16983207507446130  0.18033007506118920  0.19101920530219887  0.20197140537489253
  0.21272261041573276  0.22328221010308019  0.23397673642182501  0.24464450809801289
  0.25503105495207340  0.26507043262021857  0.27527554954224831  0.28557094083884715
  0.29607657075882421  0.30669271703740453  0.31764589361262630  0.32830127393883118
  0.33867978701679557  0.34868269934363344  0.35876312758950485  0.36890811003658641
  0.37932204908408285  0.39013415860325423  0.40112056253735584  0.41187456625586760
  0.42249634164818312  0.43283955038923688  0.44322187272474078  0.45353519392332076
  0.46406108560204506  0.47438181443927885  0.48474570136334955  0.49505614351237431
  0.50531273755229122  0.51545074159808069  0.52564007956024095  0.53634817198954310
  0.54698653840138844  0.55759171384551043  0.56815268205094294  0.57872395908304375
  0.58915288179845771  0.59922979718815739  0.60924824097335184  0.61937881716039633
  0.62960644479507244  0.64013840805333744  0.65052618416216623  0.66117973939590113
  0.67169917170672844  0.68241269788076397  0.69314557942050103  0.70381481028001636
  0.71417587696292850  0.72421532743676797  0.73413561522331483  0.74419044545496604
  0.75432701824278503  0.76472863615868247  0.77511667789441763  0.78553418857224799
  0.79595162344978798  0.80642929154305176  0.81694544374248157  0.82744312429641420
  0.83775944927129753  0.84828423871168046  0.85893912266571526  0.86948879062500739
  0.88004921895092814  0.89077597623724536  0.90178984858001798  0.91289544631931152
  0.92389769912343789  0.93482039736856504  0.94604978030822184  0.95708551629690952
  0.96828372783575034  0.97899948891498123  0.98972150784018686  1.00000000000000000
  0.01431233371162069  0.02806067521599721  0.03629235455361537  0.04470485247803287
  0.05335993285345912  0.06221493005139921  0.07108918611358583  0.07990433891760879
  0.08865980320212936  0.09738956222763863  0.10586228866440762  0.11427982639490897
  0.12278404956290405  0.13137256256920363  0.13986205191960793  0.14837256219237585
  0.15692552393444315  0.16567668732717894  0.17452759100867105  0.18337852481952355
  0.19212327927979891  0.20077800474874458  0.20931757272576360  0.21769901665494115
  0.22605559548949944  0.23452892994275254  0.24307758077922170  0.25165522643465010
  0.26024349902029814  0.26887512145650833  0.27747095520847159  0.28609789689726361
  0.29468764036897777  0.30335737456123207  0.31216818886004710  0.32103843108840685
  0.32993351623039047  0.33868283829636631  0.34726988697898575  0.35582096030296917
  0.36434500668597297  0.37291635485511926  0.38154988471773998  0.39019197053861526
  0.39888077603593552  0.40765567660545043  0.41659577573391554  0.42568612289971175
  0.43474113671583287  0.44359717125077658  0.45238462713706518  0.46111278677760592
  0.46991191418916850  0.47894829167214847  0.48811409434564906  0.49735986220180817
  0.50644090790636676  0.51560549664258415  0.52469399762007995  0.53373197559662833
  0.54274977618998410  0.55212873854166178  0.56173529590197580  0.57142771493961531
  0.58101341165805198  0.59044162071567996  0.59997657037072383  0.60965077990924010
  0.61958500707547370  0.62954664348392930  0.63950428712586604  0.64957294664713738
  0.65970329651751658  0.66994252283996492  0.68045880390691527  0.69130744300870162
  0.70251997142891676  0.71388311885923206  0.72526132311348535  0.73655891666438256
  0.74782816995359302  0.75938318316243103  0.77119486019211680  0.78331839360857902
  0.79591511048595143  0.80906809829701865  0.82221475801044952  0.83558525831752872
  0.84926370606008683  0.86333185698139470  0.87783659614536180  0.89399122150435983
  0.91187816711978575  0.93349949003283539  0.95994510661363841  1.00000000000000000
 -0.00737280643092999  0.05091244614280238  0.07436135906534735  0.08951271898393556
  0.10168124091433650  0.11207058976311121  0.12153663390855872  0.13006808554535707
  0.13795522792464279  0.14544565359652833  0.15253017304193256  0.15939455715221146
  0.16608619152647935  0.17257746609314545  0.17892916683774587  0.18519296936314913
  0.19132103764837977  0.19733810645036695  0.20329581723808551  0.20921755553194149
  0.21517805139742852  0.22109679982080715  0.22695702519177680  0.23272273519866274
  0.23847262241641523  0.24421032089117112  0.25003281458444160  0.25590653584429557
  0.26180678203953095  0.26770903040587590  0.27357670059963396  0.27940291556617797
  0.28523790028355694  0.29110247203259099  0.29693148974635691  0.30278239112802796
  0.30864213967905046  0.31446209479853193  0.32028237105525170  0.32610311008315274
  0.33199845707667236  0.33801916849448588  0.34412410978372954  0.35024409874705853
  0.35631331861155946  0.36234610512082682  0.36841121091990719  0.37455159925087833
  0.38086297801842306  0.38721354265325747  0.39360856182696824  0.40008498642939805
  0.40657436352096599  0.41311799289760337  0.41978021782527319  0.42655474354950351
  0.43336587182484282  0.44024926519037028  0.44723576271233195  0.45426608620157077
  0.46144855686560565  0.46874466758257971  0.47607498570144086  0.48352464565782355
  0.49112086015867773  0.49886596103336917  0.50677612588261389  0.51478633338624114
  0.52282065161731095  0.53089790336875486  0.53904046370736580  0.54737891410783668
  0.55597217343740835  0.56472709323418968  0.57382524008479929  0.58300957379707208
  0.59236802092309748  0.60188887006537184  0.61174891927697850  0.62194954610062259
  0.63248185098630660  0.64333814194517924  0.65450290209060724  0.66613137680064360
  0.67822601772365299  0.69089706051056121  0.70428291221632078  0.71846363415336234
  0.73382622193180547  0.75039890430614964  0.76861977121028557  0.78870323961877165
  0.81177569498848501  0.83967174953948676  0.88068645135878021  1.00000000000000000
   5.6377793973975301       -1.0000000000000000     
 F T F F T F F F F F F T F F T F F T F F T F F F F F F T F F T F
  <DiscreteSampler_grid>
  grouped_processes
  1 # 1 for a reference and 2 for a running grid.
  10 # Attribute 'min_bin_probing_points' of the grid.
  1 # Attribute 'grid_mode' of the grid. 1=='default',2=='initialization'
  0.0000000000000000 # Attribute 'small_contrib_threshold' of the grid.
  0.5000000000000000 # Attribute 'damping_power' of the grid.
 # binID   n_entries weight   weight_sqr   abs_weight
    13   10   1.032309631512338E+010   2.807379586328099E+020   1.032309631512338E+010
    14   10   1.032309631512337E+010   2.807379586328090E+020   1.032309631512337E+010
    16   10   1.032309631512338E+010   2.807379586328101E+020   1.032309631512338E+010
    17   10   1.032309631512336E+010   2.807379586328090E+020   1.032309631512336E+010
  </DiscreteSampler_grid>
