  0.00001878090726431  0.00001940935318915  0.00002000907621770  0.00002053766182905
  0.00002116299277475  0.00002176414182450  0.00002231862728298  0.00002284209983537
  0.00002333892027311  0.00002384506751512  0.00002434307564819  0.00002485510465701
  0.00002541103417540  0.00002600472399798  0.00002668112431908  0.00002732450849436
  0.00002793802936244  0.00002851985452405  0.00002906841717660  0.00002964466780070
  0.00003025920304733  0.00003092615129749  0.00003165645317809  0.00003245301143024
  0.00003321935123141  0.00003396972758569  0.00003472661497217  0.00003551261290880
  0.00003631420168134  0.00003716763296094  0.00003801657386468  0.00003885925088630
  0.00003967403781660  0.00004048752100759  0.00004134967632857  0.00004229110339458
  0.00004328190250539  0.00004417062184486  0.00004504718502200  0.00004596998235441
  0.00004692078720781  0.00004780844811066  0.00004878892486882  0.00004980228531696
  0.00005082985935052  0.00005191537982899  0.00005307378692794  0.00005427951470300
  0.00005568426837020  0.00005731348596551  0.00005907609219347  0.00006084923333542
  0.00006261832082236  0.00006449644460225  0.00006665857094203  0.00006914901327692
  0.00007181618669423  0.00007454513966996  0.00007746820779009  0.00008017904958071
  0.00008294923397638  0.00008587741108436  0.00008913141136996  0.00009266374361813
  0.00009641773951672  0.00010030131542801  0.00010445158093618  0.00010880867439424
  0.00011479047911212  0.00012070858014145  0.00012681314701378  0.00013310481089243
  0.00013994300490076  0.00014750865807396  0.00015578632008891  0.00016549504723457
  0.00017652079710588  0.00018763450741213  0.00019892426357344  0.00021295082709714
  0.00022935846308271  0.00024486707284465  0.00026123144155573  0.00028074518730823
  0.00030425966264893  0.00033362874108365  0.00037288732315839  0.00042103458124419
  0.00048552744661641  0.00058164279400464  0.00071268485591697  0.00094886956755555
  0.00137346987692465  0.00233970360985034  0.09269969412413770  1.00000000000000000
 -0.00000682830371919  0.00018625224581044  0.00071679160705365  0.00179182146980207
  0.00340427208643292  0.00525891128427305  0.00722957440158532  0.00954022494741343
  0.01234860373977327  0.01545420061975150  0.01844431321948428  0.02128276077435993
  0.02464293680985540  0.02852583373152262  0.03247782597852310  0.03662475344857085
  0.04170153151684751  0.04757391912444098  0.05360835550211208  0.05860270279625252
  0.06346659440182270  0.06862014502809326  0.07419458259359665  0.07985114631480432
  0.08495493596065440  0.08994873202069810  0.09480740742318187  0.09957543935743865
  0.10462160082291252  0.10967858999614388  0.11463680187259040  0.12108191734379294
  0.12851465901003573  0.13660493656676587  0.14467719628020273  0.15197126071354786
  0.16190924639953067  0.17196962078204120  0.18204782182534887  0.19310200581709536
  0.20522321369268151  0.21810897292357900  0.23114607790079664  0.24517292381562600
  0.25733515236887344  0.26936579036869673  0.28229107285049387  0.29589708397285547
  0.31011699746141647  0.32417882275741039  0.33708916689203638  0.35018827360059357
  0.36394449854131311  0.37951428660300446  0.39500378518966800  0.40960905410295390
  0.42401945944972930  0.43860652438695835  0.45340720568115167  0.46931328802635169
  0.48673707034973168  0.50518642268766789  0.52358541635379630  0.54154301472536459
  0.55922659038162936  0.57735804674538216  0.59486521287296612  0.61257695872581819
  0.63101024594168120  0.64909567452527328  0.66712383792925156  0.68418006860442804
  0.70046597177892100  0.71624397551536645  0.73187333428936963  0.74773730284067041
  0.76311493299916155  0.77793045253057824  0.79253128642337090  0.80713644258829587
  0.82107231969594874  0.83388531681639810  0.84595011314277280  0.85739039153762064
  0.86855927223474383  0.87970538170545620  0.89119342396317891  0.90276926938040514
  0.91439130164190596  0.92634528519276638  0.93807794888841634  0.94972699118481763
  0.96180691855789613  0.97421118675918716  0.98692044535432155  1.00000000000000000
 -0.00259436884452309  0.01029665332853030  0.02153927824188431  0.03262938893170368
  0.04551005980546103  0.05861735122365540  0.06974266668351774  0.07964713229915572
  0.08978006902920263  0.10002055770313166  0.10971894203837664  0.11889203083586826
  0.12910384325222843  0.14079486151836901  0.15164702640778591  0.16140406393159129
  0.17156093320386789  0.18119069885548966  0.19029018267549225  0.19883860250699045
  0.20795421467013672  0.21773003584286263  0.22719890889222086  0.23589683180865742
  0.24448089100182249  0.25423444943014917  0.26608131411344099  0.27900551280937497
  0.29250951472212461  0.30569185662676118  0.31807121442329017  0.32978007415348060
  0.34110579232355109  0.35228032913586210  0.36359005145740741  0.37486076267048540
  0.38743608218212416  0.39985506765413253  0.41115911779381004  0.42155761264670200
  0.43123620402191531  0.44098220361035584  0.45051213910973498  0.46013261644625469
  0.46997405065980075  0.48148583997455940  0.49495538762604657  0.50905453677539736
  0.52258481607981233  0.53487936501196509  0.54661426180301309  0.55841470507680613
  0.57022932474335031  0.58278573141654022  0.59595958241949154  0.60635152374924406
  0.61553519022420811  0.62439862621997233  0.63489574527860115  0.64583679609738553
  0.65773878897916782  0.66893402806633118  0.67984692674428437  0.69081126181215402
  0.70183678394117477  0.71216128635151110  0.72243922752588474  0.73273840221388808
  0.74372932154216298  0.75550445991294157  0.76733106116287220  0.77880544651133965
  0.78984079211918534  0.80111177019318247  0.81272967512231153  0.82278862959257948
  0.83206909498810600  0.84046940229651756  0.84926217132736570  0.85746755172618316
  0.86546490209998939  0.87231492556888635  0.87872710771150087  0.88518791466129854
  0.89301332245729204  0.90114807601664959  0.90927787557094175  0.91710255764275139
  0.92549306832682188  0.93364893998542620  0.94257233943273822  0.95380031554400757
  0.96513100462620138  0.97840922065244684  0.98932915956815970  1.00000000000000000
  0.00102788997121449  0.00689439029244739  0.01219699856815943  0.01699396072637210
  0.02157313606435849  0.02670620945591699  0.03200315490497507  0.03678149048419170
  0.04040718094353848  0.04375104925623231  0.04803033502451486  0.05202001120189059
  0.05587291217508467  0.06027235581455732  0.06644761978586766  0.07528245563862548
  0.08259258455043966  0.08973041489763850  0.09665973301100811  0.10378704223142549
  0.11199613689847089  0.12124172361075464  0.13027525910854640  0.13865315645975215
  0.14694507260965428  0.15596296451658656  0.16548553917937420  0.17547085871335946
  0.18517812644446052  0.19574719388738021  0.20702502581695384  0.21869417571608873
  0.23067803207643509  0.24315759656698330  0.25653793501497807  0.27068786659214283
  0.28446506108368064  0.29744860104928905  0.31062020001822688  0.32452058086647989
  0.34004325487938730  0.35694821465641141  0.37189878136396537  0.38695559212455660
  0.40233919494280218  0.41927664417652871  0.43602828543485145  0.45161575156557132
  0.46707648231104137  0.48327125571924423  0.50194530720606600  0.52198464166115888
  0.54249932044337124  0.56006210536147427  0.57736931735536545  0.59480794904471945
  0.61120856261780832  0.62718603274654283  0.64299492569851924  0.65822943570017156
  0.67310046574999716  0.68699052738429778  0.69887051895554586  0.71043105753806068
  0.72243193189184784  0.73454095461282232  0.74550050148452451  0.75664659565892245
  0.76877021260882750  0.78299261633171957  0.79854020938738046  0.81303859023539271
  0.82720107190686776  0.84104003252370285  0.85432563859878508  0.86620780731390135
  0.87707049737384879  0.88680690873728796  0.89488409477176212  0.90229164723769328
  0.90861248810412998  0.91453748821959235  0.92001837613113091  0.92517718762136003
  0.93056293320106587  0.93660836923535562  0.94279628046270358  0.94954791835672991
  0.95645702174153469  0.96384106647380563  0.97114296526873389  0.97674434431914703
  0.98166048629319602  0.98635603777298719  0.99259962998328899  1.00000000000000000
 -0.00169413818640323  0.01007558403723995  0.02024375935354094  0.03130215892553616
  0.04178972049941034  0.05168174491835436  0.06177663142390892  0.07180353790146861
  0.08098131320028337  0.08981660981523089  0.09904981386464397  0.10865245583207302
  0.12180234938917640  0.13437542252876900  0.14671317989820165  0.15806716669136447
  0.16942341537030070  0.18015036304129936  0.18980940143851685  0.19959027623450593
  0.21052823850664965  0.22303055636035232  0.23473758073156670  0.24553218711404595
  0.25616692299970995  0.26717897101065408  0.27742208305545552  0.28786545175755363
  0.29956241258492894  0.31098584600220908  0.32126253838977892  0.33143128043401165
  0.34283370084308312  0.35480168776711707  0.36482687175774270  0.37488708999268111
  0.38388581032632108  0.39187644111537234  0.39959984864473763  0.40683067825446573
  0.41342066478270079  0.42014185558808204  0.42711616243326100  0.43438592398033921
  0.44272680556187904  0.45222953136786770  0.46264490196801766  0.47473585014026426
  0.48732361089524789  0.49944790577483855  0.51144763238067248  0.52267423205000152
  0.53288244647606919  0.54246684168436721  0.55203125870706937  0.56097618995195531
  0.57067754409223459  0.57964013715212603  0.59034095966356781  0.60301958005800471
  0.61606510415180882  0.62828411267074380  0.63946811756785260  0.65120921801854370
  0.66349204758687630  0.67570902495830676  0.68839760519479631  0.69919421213523436
  0.71084711953449042  0.72245114921210840  0.73345462334926004  0.74423391475541678
  0.75488930149396971  0.76568465362103810  0.77601479537433982  0.78610979515760238
  0.79804413520688489  0.80965285093869233  0.82113087064543933  0.83235971727310476
  0.84373850721598787  0.85534122806352364  0.86565994012238079  0.87538074429230606
  0.88532451060692274  0.89498355919153705  0.90501813016272648  0.91435569050299725
  0.92320879372572728  0.93238911944107661  0.94212748257715739  0.95254761931460230
  0.96350505110664664  0.97574660876661334  0.98852958137783842  1.00000000000000000
  0.26352936810665650  0.27751796936264139  0.30278386008016417  0.32140733576044422
  0.33782054509687431  0.34952544075540992  0.35990179094364683  0.37058046870134476
  0.38060760840893182  0.38936868953886927  0.39720604522435110  0.40591576741639784
  0.41485097436489821  0.42403608365125628  0.43164253254363016  0.44010948651645337
  0.44884601038561445  0.45899089603633791  0.46992154532376629  0.47952937964355635
  0.48992929638932703  0.50044357723835609  0.51122880258750159  0.52071875458904116
  0.52906327086462190  0.53708958264362316  0.54525434704396125  0.55331701792512344
  0.56168497644894988  0.56870913782809307  0.57564779164490643  0.58285594125333506
  0.59077840890903321  0.59940861452107663  0.60887013693569569  0.61814124500018819
  0.62733804700633244  0.63674990729141601  0.64589112285152483  0.65550753089423974
  0.66466479941485523  0.67426876996889984  0.68273460205981051  0.69052335274503551
  0.69776304516673648  0.70530747524751558  0.71318853204159705  0.72081295707298920
  0.72855135192268605  0.73662980438776293  0.74500696571378822  0.75289107686708723
  0.76016661661863882  0.76722609878688242  0.77384124210509386  0.78015348933906892
  0.78630846760529893  0.79254289032145597  0.79884802630353580  0.80560486116438934
  0.81252570917219336  0.82012810421874949  0.82724019926684123  0.83419021032790519
  0.84136340456289072  0.84867385148963537  0.85597205045385050  0.86332222106394707
  0.87066985575434819  0.87809302936769029  0.88505876983335507  0.89177944336317461
  0.89790052223829364  0.90358683577550436  0.90885683965246022  0.91415961866434026
  0.91967636570948397  0.92524755418689864  0.93078922355944338  0.93624606734200155
  0.94121059750671365  0.94566921578144636  0.95047675923471930  0.95522531047909576
  0.96009647000105314  0.96400329140233876  0.96742328432918923  0.97089722202896778
  0.97415470219482314  0.97770904111908763  0.98121431724361552  0.98439983992878222
  0.98727610681662237  0.99003724072304256  0.99412883354941728  1.00000000000000000
 -0.01926279187632183  0.12996217483183262  0.17359813131329152  0.20604774589576402
  0.22918940291972120  0.24955070188636316  0.26730773531834984  0.28455245773269489
  0.30117651414995605  0.31617929997659061  0.32828004466712118  0.33960524239966683
  0.35065028513790858  0.36070408462622100  0.36974995526393434  0.37940886106120025
  0.39034250458845632  0.40139526425012184  0.41195206142945456  0.42182804168881682
  0.43125004098049208  0.44013212156963422  0.44868535639704571  0.45721667950612843
  0.46565048947336179  0.47421969546162868  0.48257728375392545  0.49089999141607404
  0.49881561067945751  0.50623502888495098  0.51322841597077939  0.51991389055484116
  0.52594198935124059  0.53146062565481156  0.53697560023481428  0.54311529647847046
  0.54946067836743717  0.55603981662524482  0.56233347741788908  0.56830516203492454
  0.57404461774495008  0.57984883099276319  0.58607731936835661  0.59279484219507717
  0.59960239496017909  0.60629893975465865  0.61284469980250622  0.61888265533168874
  0.62488191651334313  0.63059320401006380  0.63687815814840465  0.64369797399278883
  0.65078804186672845  0.65777278685028528  0.66384199997554127  0.66966801713795787
  0.67545646111766000  0.68144132929401380  0.68777202405978122  0.69419917848158308
  0.69952869777037674  0.70464857666067560  0.70970531407342774  0.71501738455658270
  0.72068671494023528  0.72648522931993575  0.73242800075786629  0.73773885875236156
  0.74310945495631198  0.74873629875247771  0.75364607226735980  0.75851983447353621
  0.76325002360457150  0.76806016040222169  0.77273770230592997  0.77756693688425615
  0.78273635609927406  0.78830256574339075  0.79410309541902924  0.79986865671324114
  0.80562942876896659  0.81157272518049894  0.81770825759292831  0.82375255354544463
  0.82949859174728835  0.83548314757183451  0.84308033858010611  0.85169604652420960
  0.86053520515838577  0.86920994774882621  0.87854493415719892  0.88907703136072802
  0.90134991859795932  0.91646695633880160  0.94120889326628143  1.00000000000000000
   2.0220753848127605E-004  -1.0000000000000000     
 F T T T T T T F F F F F F F F F F F F F F F F F F T T T T T T F F T T T T T T F F F F F F F F F F F F F F F F F F T T T T T T F
  <DiscreteSampler_grid>
  grouped_processes
  1 # 1 for a reference and 2 for a running grid.
  10 # Attribute 'min_bin_probing_points' of the grid.
  1 # Attribute 'grid_mode' of the grid. 1=='default',2=='initialization'
  0.0000000000000000 # Attribute 'small_contrib_threshold' of the grid.
  0.5000000000000000 # Attribute 'damping_power' of the grid.
 # binID   n_entries weight   weight_sqr   abs_weight
    10   10   2.086317694882082E+005   1.536707453093555E+011   2.086317694882082E+005
    11   10   2.063506841813442E+005   1.536079777015198E+011   2.063506841813442E+005
    16   10   2.086317694882082E+005   1.536707453093554E+011   2.086317694882082E+005
    17   10   2.063506841813442E+005   1.536079777015198E+011   2.063506841813442E+005
    22   10   2.063506841813442E+005   1.536079777015198E+011   2.063506841813442E+005
    23   10   2.063506841813442E+005   1.536079777015198E+011   2.063506841813442E+005
  </DiscreteSampler_grid>
