  0.00001892562374236  0.00001997071951682  0.00002063647048306  0.00002125995390002
  0.00002178290105112  0.00002229376954449  0.00002283485528976  0.00002337716492748
  0.00002390641035452  0.00002442482893901  0.00002494390060675  0.00002545369376028
  0.00002608120731042  0.00002674951165664  0.00002744085317152  0.00002815111340279
  0.00002890747767689  0.00002969182440784  0.00003060940457482  0.00003166523367985
  0.00003273780998902  0.00003376139134634  0.00003479288857907  0.00003591051341496
  0.00003699266319561  0.00003812972811974  0.00003931784919082  0.00004056870976737
  0.00004187084213713  0.00004317432876375  0.00004448941512892  0.00004592772683442
  0.00004740456274349  0.00004885398784648  0.00005032877030974  0.00005198224550139
  0.00005371703226242  0.00005547347417926  0.00005725780875005  0.00005908994394534
  0.00006097676116186  0.00006293152979992  0.00006483856200810  0.00006685182479281
  0.00006898207115178  0.00007109564371561  0.00007331067957032  0.00007571091618900
  0.00007821782735737  0.00008079411568526  0.00008346017766893  0.00008631207978255
  0.00008936261721536  0.00009253400409493  0.00009586724805280  0.00009953002610378
  0.00010338709950201  0.00010723405174300  0.00011108957332208  0.00011518308646171
  0.00011933213997614  0.00012365420785253  0.00012814917778455  0.00013297292463037
  0.00013797162147833  0.00014348008820323  0.00014953836352904  0.00015594542892517
  0.00016280142366879  0.00017014092318087  0.00017803449902462  0.00018647122817167
  0.00019509076856074  0.00020370469162720  0.00021293317053907  0.00022315123822069
  0.00023456944951984  0.00024705997511069  0.00026022493037292  0.00027429907819968
  0.00028964596768614  0.00030723761290949  0.00032672923885038  0.00034898631213813
  0.00037547080149476  0.00040571714643476  0.00044204634810116  0.00048478196871595
  0.00053549689422022  0.00060544504574624  0.00069549691685543  0.00081552602625801
  0.00097650476654286  0.00123430030997334  0.02395922641841426  1.00000000000000000
 -0.00000682420889397  0.00026355718743836  0.00115102337481166  0.00291342731661078
  0.00549085642468551  0.00884556153469017  0.01303723590743930  0.01793368552162409
  0.02342578571650079  0.02930117042169373  0.03586957850100384  0.04293279589464565
  0.05042652920979994  0.05800376225144787  0.06579218401563633  0.07444213373576190
  0.08431803337326121  0.09536240852658502  0.10610720172957283  0.11688193583883676
  0.12769340500730211  0.13890235229065262  0.15039702189482568  0.16188236454982524
  0.17317669331844326  0.18449347594300874  0.19637223590191094  0.20836419895584116
  0.21989752463248988  0.23125119571071878  0.24246117509988785  0.25396674593204460
  0.26602482337843714  0.27789843579534967  0.29035859870609121  0.30286656209568519
  0.31539211983313459  0.32813914892568358  0.34079099323621553  0.35315692657075870
  0.36525677723263122  0.37701537028085957  0.38865554387044365  0.40054946312280615
  0.41271114908243284  0.42520135582300300  0.43792043094559596  0.45027041068774709
  0.46222160221331299  0.47431997689513994  0.48653400022469201  0.49895791705811821
  0.51161181663601085  0.52395655860458212  0.53583897066034725  0.54770314937978615
  0.55866871721265698  0.56911998821629084  0.57970170405894517  0.59015911597451953
  0.60058088364212892  0.61077707956197691  0.62149748140219030  0.63290448002134037
  0.64464031661527255  0.65626115155789433  0.66782945329002397  0.67967085852140907
  0.69030823256995133  0.70063500481107965  0.71105992893755321  0.72170419073357783
  0.73279612428772445  0.74415603473134573  0.75569329506879568  0.76715077188133618
  0.77855948799789332  0.78999174291831509  0.80145942135142145  0.81287521680275199
  0.82415871945188302  0.83537861959163606  0.84685446024899647  0.85853562988069099
  0.87006588309439392  0.88150481197880703  0.89348528976031794  0.90568569189735659
  0.91847938539784746  0.93112572677364691  0.94328234060164151  0.95502678303177801
  0.96635637048262635  0.97743155073346932  0.98869498091699048  1.00000000000000000
 -0.00277692867357447  0.00970967713945957  0.02015716995896113  0.02996147156363712
  0.04009699183604722  0.05051537944198214  0.06161738879413644  0.07336290486330209
  0.08524731740126337  0.09730651865577566  0.10939539450011328  0.12118160097289798
  0.13337698748055138  0.14556977757336048  0.15752480902940375  0.16878466411808365
  0.17894167638849826  0.18873897492240010  0.19811171500275884  0.20831386214855538
  0.21949963839962314  0.23156320947107617  0.24419748414031517  0.25655403347144451
  0.26829429149897416  0.27969242523844495  0.29106636806266961  0.30226488042831912
  0.31354619747735651  0.32522618176169810  0.33643011395988165  0.34729978982839360
  0.35789615666221708  0.36859250832219592  0.37944467533188164  0.38964482769142500
  0.39950241845181350  0.40902002906850321  0.41901463764028174  0.42944115364522961
  0.44021323805058837  0.45088408871662877  0.46099935148034415  0.46966572369557330
  0.47826785075524547  0.48700462289294211  0.49616663474201272  0.50578536363769033
  0.51523778248563534  0.52513241844451186  0.53587703133128750  0.54614698251533678
  0.55591447413990680  0.56515446399678038  0.57398917936214233  0.58311770042466471
  0.59261201660129847  0.60203800395914675  0.61123931404300758  0.62016932482904352
  0.62991541119609906  0.64089149870017070  0.65171275381987759  0.66196033943491472
  0.67177908956742538  0.68187439114053083  0.69242626257549267  0.70247788588316873
  0.71228478788112526  0.72165657220637214  0.73005583796317020  0.73837567314674835
  0.74695238478059423  0.75619826164383674  0.76699784001874449  0.77763652223162816
  0.78795159818214600  0.79894381955938554  0.81077733389240603  0.82348956115251248
  0.83559654349484169  0.84630612154481188  0.85628754837668453  0.86572575491865655
  0.87504267079394360  0.88443951484943373  0.89395977767079793  0.90375036029118749
  0.91423964015960524  0.92601503569196464  0.93832774606702019  0.95022149796385447
  0.96188318403972350  0.97393858336437256  0.98659069040066605  1.00000000000000000
  0.00437322904112550  0.00951624338484210  0.01365057541391168  0.01782458450360928
  0.02216940894243072  0.02657487780069903  0.03095665582547651  0.03545724827660280
  0.04024500208586803  0.04518648249803040  0.05070744990123349  0.05615255983912235
  0.06187654618776176  0.06796311372610883  0.07447649118923792  0.08146793120087346
  0.08913081428729729  0.09794039779461004  0.10754979404272354  0.11856946331908784
  0.12955478583115648  0.14057273241270529  0.15129326299661933  0.16230737359076758
  0.17251455652155803  0.18236066563218475  0.19255017934956342  0.20297069352427782
  0.21325934299120711  0.22372975611114509  0.23573169683689540  0.24919942713815757
  0.26280675360551614  0.27717281782281433  0.29362959627242918  0.31383478172338708
  0.33454046082117944  0.35469459061439329  0.37422759100235581  0.39376383558460709
  0.41276004268560995  0.43155230425381863  0.45045222431018023  0.47099583617004953
  0.49287820809936184  0.51522951765354930  0.53487763869145799  0.55138136931739512
  0.56648934536793616  0.58338778620747511  0.59980584520138136  0.61640762525761705
  0.63324459498373853  0.64950806168461750  0.66521436951452118  0.67986853908357481
  0.69572231424176090  0.71204059461451730  0.72650625351139431  0.73981724157913298
  0.75226791350398658  0.76328043704643622  0.77404438329080538  0.78478925793489240
  0.79556369161462293  0.80617907448121473  0.81739372647964370  0.82858882528693456
  0.83985360313602486  0.85097045234921154  0.86180457536576127  0.87214788659482079
  0.88065577129328121  0.88779277990158278  0.89482262063837237  0.90105329946307255
  0.90721797992551489  0.91315273368407957  0.91832318510778943  0.92297175148885602
  0.92752896297775633  0.93240549817466767  0.93749482924733163  0.94250816118483793
  0.94729005274813505  0.95190796656742693  0.95662499779362742  0.96148452760506764
  0.96677473193001950  0.97120245081998580  0.97501253242922648  0.97889626036379096
  0.98275311212991801  0.98701406841904749  0.99204123250998943  1.00000000000000000
 -0.00274238968524137  0.01060487261868307  0.02107308978987043  0.03127365570484029
  0.04139385746821639  0.05191931797258999  0.06261653534188388  0.07487428727093610
  0.08703546897295511  0.09934923045413813  0.11131722902775916  0.12310992755234393
  0.13495215877142608  0.14595736409344853  0.15531249157825183  0.16410334050820496
  0.17305288526510060  0.18193892778166121  0.18991270716359249  0.19755030942538535
  0.20542852130333886  0.21498128698990571  0.22574065771322235  0.23647725198408001
  0.24651794568402516  0.25661604458473913  0.26709220446279103  0.27783738362580185
  0.28874183196218434  0.29916597679640894  0.30993203666309266  0.31940742918986537
  0.32983122178874080  0.33950416288062607  0.34887573576168684  0.35787698846447835
  0.36683692369284771  0.37637133265025030  0.38714045548051379  0.39826286029797586
  0.40933643039429796  0.42066416336185747  0.43261904698136522  0.44524463925519220
  0.45729245433400911  0.46857121781053057  0.47918759229612068  0.49087091529247301
  0.50370756635924752  0.51799947924419731  0.53107998539765056  0.54265961545870955
  0.55332279929459216  0.56335213862813205  0.57305216190254538  0.58287007535852720
  0.59308264350009299  0.60288463473748199  0.61214983737612749  0.62175052012950383
  0.63232821141412165  0.64378065724854550  0.65470559264966433  0.66537200053577561
  0.67622519158431649  0.68761019249933408  0.69967929656370509  0.71205309533124450
  0.72435118691094802  0.73652435046888565  0.74825512878939637  0.75942498379586820
  0.77034580967681576  0.78150953067843021  0.79346655915435849  0.80459092050405434
  0.81509196235771264  0.82428756846723550  0.83393499482909372  0.84401398507468639
  0.85465321759591240  0.86360170147871185  0.87286898223961762  0.88239168700449733
  0.89159682985944921  0.90047895862514626  0.90952791520115395  0.91972917206666538
  0.93061877174658147  0.94168174855525610  0.95305504559323184  0.96458572511034868
  0.97478210584150082  0.98375746778588835  0.99221188207018851  1.00000000000000000
  0.03674694484520365  0.06836246229877492  0.08097648758920983  0.09426653076969217
  0.10777691702563125  0.11203673351360817  0.11455021825522092  0.11879237078191927
  0.12665141462147247  0.13560277417980723  0.14455077980653161  0.15192807454428642
  0.15979704841019848  0.16783702162827896  0.17512673251221461  0.18188076120076302
  0.18839672659071249  0.19470666549312288  0.20119271369980454  0.20788420660530849
  0.21493266929892213  0.22164173122594402  0.22850361247429823  0.23589804366850520
  0.24356253572346329  0.25118756228942235  0.26113213216174791  0.27053294082198620
  0.27975329527275605  0.28883867461460205  0.29849331883077385  0.30844967560665798
  0.31895794970676139  0.32949667292180573  0.34046817501154503  0.35199179504744454
  0.36361757615941764  0.37450657724977654  0.38439563018911088  0.39419104522066695
  0.40303274778310216  0.41205601719637974  0.42095469893575771  0.42932692450855747
  0.43825665984836926  0.44740124116179780  0.45709231284011725  0.46719324497531134
  0.47792001898358111  0.48843074834213179  0.49934096738899808  0.51085433261592594
  0.52268391532918279  0.53342161755617323  0.54360448323118071  0.55432333913026133
  0.56478540456088910  0.57474109861519140  0.58496405354033421  0.59562672009761286
  0.60612546443721182  0.61623335557403403  0.62653201801252312  0.63742848664695284
  0.64855575898937423  0.65950920230944809  0.67034479655300272  0.68089711106914441
  0.69142650935634165  0.70180009395599352  0.71207537638507090  0.72187681057069941
  0.73180925100582817  0.74177598140331791  0.75204430699837421  0.76244488423531920
  0.77298258582927415  0.78367050436045738  0.79518857489981010  0.80761888949410809
  0.82011386531886665  0.83230011711036878  0.84416689709995674  0.85620780822283038
  0.86879496113910382  0.88117823578794996  0.89269946152407598  0.90399010492685583
  0.91503836393461591  0.92609615258833244  0.93760194631493154  0.95019010198817366
  0.96344560967689352  0.97621362628207498  0.98841223236503828  1.00000000000000000
 -0.01974528178999036  0.12414838512788988  0.17067186313009411  0.20104086099749527
  0.22773124998537816  0.24337768173563562  0.25760580555656609  0.27178660030993207
  0.28707649503579419  0.30211109138293069  0.31690532471014810  0.33073755461442450
  0.34364124470370122  0.35549449199367766  0.36625716842554967  0.37684269903358014
  0.38799193297960277  0.39916669740854122  0.40983460018727574  0.41997905449016942
  0.42986327525884249  0.43912882570546985  0.44729493815223220  0.45556022371308169
  0.46430538363227580  0.47305038114951936  0.48135980812206636  0.48954093996045644
  0.49756564380446433  0.50625608754410723  0.51518771961525012  0.52317741433343534
  0.53031907330705708  0.53712145038041847  0.54395041584924386  0.55067678945379772
  0.55744615416032539  0.56433652535363854  0.57123946545342108  0.57796626395215300
  0.58473089813111312  0.59257993544756571  0.60012878695612171  0.60677294900049239
  0.61243240211794814  0.61817321889689614  0.62397968364153833  0.62994747252190575
  0.63609053070073274  0.64219010791646503  0.64821085333775152  0.65407354436914733
  0.65969354567814464  0.66509118154363811  0.67025615224346702  0.67518653378411841
  0.68023958270984564  0.68534431239327021  0.69070282512353065  0.69609365014121360
  0.70146697191766605  0.70676211285822776  0.71190903713033027  0.71702223937258291
  0.72206572085530052  0.72711248272306483  0.73281023443343740  0.73898600398073733
  0.74469303999582770  0.75044931122718350  0.75626800672962768  0.76218754590994953
  0.76829107996411361  0.77427729812219914  0.78005554455022164  0.78596308821270366
  0.79194178396309511  0.79769120755492806  0.80343872138965644  0.80924367060566171
  0.81469973101921467  0.81997843283966876  0.82540162138275974  0.83119482108896414
  0.83749161927983706  0.84413984168317358  0.85090127264938087  0.85803843913019151
  0.86567230614147606  0.87382130472386310  0.88347297407836434  0.89479231180682051
  0.90746526811900041  0.92272600544149508  0.94586130912146393  1.00000000000000000
   3.6203946601506337E-003  -1.0000000000000000     
 T F F T T F F T F F T F F F T F F T F F F T F F T F F T T F F T T F F T T F F T F F T F F F T F F T F F F T F F T F F T T F F T
  <DiscreteSampler_grid>
  grouped_processes
  1 # 1 for a reference and 2 for a running grid.
  10 # Attribute 'min_bin_probing_points' of the grid.
  1 # Attribute 'grid_mode' of the grid. 1=='default',2=='initialization'
  0.0000000000000000 # Attribute 'small_contrib_threshold' of the grid.
  0.5000000000000000 # Attribute 'damping_power' of the grid.
 # binID   n_entries weight   weight_sqr   abs_weight
    31   10   5.200936013218568E+005   7.071868688127542E+011   5.200936013218568E+005
    32   10   5.200936013218567E+005   7.071868688127535E+011   5.200936013218567E+005
    40   19   1.048958171376906E+005   1.833051927342590E+010   1.048958171376906E+005
    41   19   1.048958171376906E+005   1.833051927342590E+010   1.048958171376906E+005
  </DiscreteSampler_grid>
