  0.00001921951728569  0.00001983895998275  0.00002075093055293  0.00002183717824982
  0.00002299575442267  0.00002418489128061  0.00002540238658886  0.00002665980270693
  0.00002798960637978  0.00002947155053410  0.00003105516955739  0.00003264892091638
  0.00003428817934841  0.00003598572983199  0.00003773857078116  0.00003953481442715
  0.00004154044176452  0.00004359105837713  0.00004575364315984  0.00004807337928597
  0.00005053519806670  0.00005307248694399  0.00005572604443963  0.00005822058944725
  0.00006063960470070  0.00006308852720234  0.00006560821284087  0.00006829373937221
  0.00007122094001287  0.00007420561840711  0.00007758103430675  0.00008109133132574
  0.00008508175032382  0.00008954960776181  0.00009429208206447  0.00009912390196480
  0.00010408809968363  0.00010909257303458  0.00011406914305352  0.00011919805942056
  0.00012471229864173  0.00013085741855072  0.00013780043650129  0.00014526488733118
  0.00015318239195297  0.00016132428771542  0.00016975335251614  0.00017845489918363
  0.00018776691254749  0.00019770551093555  0.00020858421739523  0.00022081223175780
  0.00023455651867934  0.00024967809287662  0.00026599957703305  0.00028328885401100
  0.00030138048495302  0.00032123402022475  0.00034156842222002  0.00036378740037914
  0.00038796376255931  0.00041703945273279  0.00044436269621100  0.00046807510020727
  0.00049270281883116  0.00052206817959815  0.00055996442140712  0.00060144232082369
  0.00064277479083143  0.00069043684059801  0.00074809487749246  0.00081039844518976
  0.00088507229392947  0.00093953147952374  0.00100000272651924  0.00105990074551541
  0.00113129808048143  0.00120468003102636  0.00128406444509189  0.00137223190309790
  0.00146759515648732  0.00155771230257335  0.00163419664349096  0.00171457295682515
  0.00180625991737245  0.00190833807362413  0.00203621497855551  0.00215117621744737
  0.00226093283136274  0.00244145090763231  0.00269242817718033  0.00318456562076011
  0.00393678800230623  0.00618387119817272  0.02599717629570304  1.00000000000000000
  0.00001840789810853  0.00001888263925736  0.00001926448863962  0.00001957876031437
  0.00001988087389372  0.00002017397425246  0.00002047310037120  0.00002077039996720
  0.00002111601020386  0.00002152809476983  0.00002193484608851  0.00002232105456988
  0.00002265601628805  0.00002299314702335  0.00002332619164178  0.00002366270003857
  0.00002403270985631  0.00002445789622541  0.00002493788527181  0.00002545316968770
  0.00002598453810252  0.00002654513985175  0.00002712306795087  0.00002772185140425
  0.00002834237622724  0.00002898858135363  0.00002960917435188  0.00003024326399950
  0.00003095161020182  0.00003175173637190  0.00003260499641211  0.00003347461376306
  0.00003440093627685  0.00003544628624714  0.00003657965274253  0.00003778152909016
  0.00003903916926642  0.00004033564117259  0.00004165681633501  0.00004295836438359
  0.00004426733620038  0.00004561607243510  0.00004700066485652  0.00004847893028424
  0.00005007789971148  0.00005178746011618  0.00005362064158965  0.00005549793103039
  0.00005748369321553  0.00005961017605707  0.00006176969219025  0.00006381745687709
  0.00006612408992946  0.00006869305719028  0.00007140565151363  0.00007430080145660
  0.00007731042034056  0.00008040892147973  0.00008351900765547  0.00008683390785817
  0.00009027332557340  0.00009372514068383  0.00009732097069131  0.00010119372724334
  0.00010520089013234  0.00011010021288827  0.00011572034599843  0.00012171576238292
  0.00012743661592813  0.00013299461737133  0.00013844870804315  0.00014433058223482
  0.00015143330723873  0.00016050616062645  0.00017056591712039  0.00018123064956137
  0.00019236925633925  0.00020438303912679  0.00021831435663813  0.00023408351418763
  0.00025108656171164  0.00026963530276826  0.00029008578747610  0.00031307085109926
  0.00033979964963827  0.00037809717316835  0.00042944355455803  0.00049429075218601
  0.00058563605430785  0.00071765574424930  0.00089117330494962  0.00117765209993426
  0.00157305088358971  0.00223774275783606  0.00633624806309353  1.00000000000000000
 -0.00090395189581422  0.00578340351369049  0.01249654526996900  0.01845054504619587
  0.02412722166206818  0.02984818236410778  0.03582653578455487  0.04216738152535619
  0.04865248067683042  0.05494120214722153  0.06075923344150010  0.06561335464154382
  0.06999213879955811  0.07480865125769490  0.07981634795068869  0.08450502165898481
  0.08884237053184017  0.09316400164305819  0.09740327624054379  0.10235958555606958
  0.10742400077371975  0.11223594373896327  0.11700364128093510  0.12185680122684862
  0.12703527625817931  0.13262853791889850  0.13827587440369118  0.14373658374269999
  0.14891235178074108  0.15398666138258768  0.15933989276855956  0.16481714929206273
  0.17020290417466225  0.17552890090223164  0.18082602857057076  0.18635824209633120
  0.19205267151653588  0.19777595382362023  0.20333081342574535  0.20929054749252760
  0.21605061958869515  0.22331952930705840  0.23090227939868938  0.23801957149475092
  0.24510832793932821  0.25168754045639130  0.25842617020064818  0.26540363266833472
  0.27290536136773086  0.28153392603129773  0.29028659689096031  0.29963406230326040
  0.30864302230597368  0.31736771024735699  0.32600578978857070  0.33519180111281927
  0.34475375872103681  0.35434854570277557  0.36419630417697257  0.37436981208862963
  0.38488285911319225  0.39548876670073951  0.40633200866968688  0.41773437137848318
  0.42982909713649886  0.44288418728237017  0.45627299264072269  0.47000365439637720
  0.48399242523133923  0.49866527431679220  0.51347038063689432  0.52803873990117045
  0.54219724499886535  0.55632007373157555  0.57117383685279921  0.58698814727601267
  0.60364027545829069  0.62024438839225171  0.63642460910097598  0.65284407837184943
  0.67044501877391582  0.68933488789749586  0.70870439890871950  0.72809903500226425
  0.74813874099398192  0.76967614573637022  0.79229810191723704  0.81432107692277123
  0.83665322769104455  0.86023700425728145  0.88389768431099314  0.90722068574837178
  0.93085680801195769  0.95422577846166090  0.97720373272645455  1.00000000000000000
 -0.00281699542619129  0.01176718150375991  0.02372047976900411  0.03204793440983186
  0.04078837615632450  0.04953104131167444  0.05911737797938224  0.07051568143584001
  0.08133686379476200  0.09230130350560513  0.10330770777890229  0.11375039408074147
  0.12390692161755784  0.13441298978795413  0.14452356136451430  0.15412032557399219
  0.16393158276608763  0.17429731438049950  0.18570652016187708  0.19751553012382700
  0.20916040477233672  0.22069417657403703  0.23080461561409876  0.24043773468179089
  0.25051908142197193  0.26112681839679530  0.27254902214800697  0.28266152989062343
  0.29220932691799634  0.30136376870104886  0.30961313241429300  0.31885032908183464
  0.32850183275661177  0.33869666830537420  0.34855817840637709  0.35814585070089944
  0.36797814002471874  0.37742440551430606  0.38677343681983428  0.39680242083227990
  0.40814859706287054  0.41863314378315863  0.42784864914040599  0.43720061097420715
  0.44668966581579084  0.45581104761482616  0.46507305485867256  0.47440426416363252
  0.48534078296101041  0.49708153160365975  0.50782385048109224  0.51781166381709864
  0.52737496246426319  0.53747521577173296  0.54831582027882320  0.55980782698065457
  0.57179163328299987  0.58390491697043645  0.59604650804866277  0.60801899477153520
  0.61951662733464563  0.63033717011387214  0.64036520750745507  0.65059089066447950
  0.66082799828018424  0.67127274097974510  0.68141854023481319  0.69250612586545290
  0.70459470164834548  0.71672325973034623  0.72870218333060266  0.73973296442380365
  0.74997244255680373  0.76011795228000345  0.77056861631270357  0.78113545847487820
  0.79196536891021263  0.80324272693991539  0.81440390351738767  0.82545633399191876
  0.83672588296727113  0.84838986040767261  0.86018776911672634  0.87160757618610429
  0.88231661839514364  0.89317037472446859  0.90444631977041645  0.91481094664607221
  0.92482067384786837  0.93478326560367520  0.94565781505256763  0.95671852519428302
  0.96747313000469781  0.97820235000546474  0.98899934966958603  1.00000000000000000
 -0.00213387833458688  0.00994256206634552  0.02056281372483595  0.03210880178940298
  0.04257644102794196  0.05177426477210793  0.06115052373239693  0.07064092378704029
  0.07913832039060133  0.08710122057889301  0.09440545315336597  0.10152843510349935
  0.11084820183316703  0.12117475767676156  0.13169601968656036  0.14235681867680167
  0.15408168406871689  0.16669386223339885  0.17917358769017677  0.19125085043408932
  0.20279843128206970  0.21437350843208952  0.22556501568908852  0.23657775672699796
  0.24709669108951232  0.25651539480206925  0.26554908141456063  0.27483078727841215
  0.28505131760181412  0.29491830841284794  0.30443210893399697  0.31367908570561431
  0.32469923031641273  0.33565681183524315  0.34585946537099499  0.35635239435611943
  0.36688786416795927  0.37746972754926900  0.38792639349268249  0.39922549833761040
  0.41158179725907429  0.42384730319735059  0.43533776918573097  0.44594452596174561
  0.45632273167460791  0.46741967216509539  0.47872054867353847  0.48953921837770403
  0.50037035599805746  0.51166462674359214  0.52243559106487603  0.53234566516111093
  0.54220662599139680  0.55241178786708911  0.56296065533418960  0.57386458818431385
  0.58518637463491219  0.59674723148158282  0.60765444184839612  0.61808835247371330
  0.62863925409724930  0.63991149126288582  0.65190470883478191  0.66403560680517970
  0.67502231207316721  0.68574522178544750  0.69580883199886323  0.70578757342926257
  0.71554211154242497  0.72548949993592304  0.73617801188992804  0.74714387107350444
  0.75911143037567275  0.77120681480696129  0.78177323140354260  0.79173498354879079
  0.80127119753396236  0.81134795031206397  0.82195137463061507  0.83173307859414736
  0.84067742310371674  0.84992256574984326  0.85995063908103786  0.87022680247298301
  0.88007754489750467  0.88996620390857406  0.90062267358119730  0.91225943759539752
  0.92447934807822219  0.93678513008072595  0.94842451929744354  0.95878003958605662
  0.96838157991449803  0.97804768649410379  0.98901390210370521  1.00000000000000000
  0.09611796593081245  0.15026051577878152  0.17940785951482219  0.20987686592552901
  0.23346444586179177  0.25378896971617843  0.27122795395150401  0.29025228225462912
  0.31026213200271274  0.32745538190091827  0.34384894579918007  0.36168077118388603
  0.37963447438224601  0.39634231294133959  0.41273960471583437  0.42939819148004293
  0.44640401553987502  0.46286875951767242  0.47860470474365763  0.49416042477359290
  0.51058019572490099  0.52699153897642581  0.54125530050073645  0.55563668141511624
  0.56979297942007545  0.58384848647552812  0.59768395494161142  0.61138577511834324
  0.62490438931922976  0.63837860906083932  0.65170792279693046  0.66516665021092913
  0.67805428696583703  0.68981663544503924  0.70065369881963990  0.71143958605593849
  0.72254060078343407  0.73334780365564578  0.74368647474551697  0.75368508331181672
  0.76340037486425405  0.77279458496777198  0.78225357982496002  0.79160499776162274
  0.80082163482706259  0.80949759942660238  0.81794115563949288  0.82611489433344609
  0.83437133923233564  0.84234742744503055  0.84996059063604845  0.85718258583689688
  0.86383728845865237  0.87027139826004352  0.87641759701163857  0.88240599164297873
  0.88844506516423061  0.89436746756970353  0.89991031061741089  0.90504131235129581
  0.90993405726545651  0.91456474519621389  0.91900738708831042  0.92310731432836768
  0.92731905741858389  0.93148952149168507  0.93548088955381825  0.93921211064601207
  0.94273415302156194  0.94610734728091017  0.94927874259051137  0.95218652046726848
  0.95488951069028727  0.95748955895779442  0.95999850012399390  0.96231768140458207
  0.96471107844475934  0.96709114053929524  0.96935540918092811  0.97155719177469357
  0.97375374089805578  0.97599470718362380  0.97824104373263909  0.98045726738192163
  0.98259186179234681  0.98458985782864805  0.98644434122431290  0.98802611948832675
  0.98957855162396269  0.99100841982348820  0.99236525102819606  0.99372404013358551
  0.99509944594248856  0.99651001958338281  0.99814905924232922  1.00000000000000000
 -0.01522936432317792  0.09564606135753201  0.13638577325031445  0.16131405619242603
  0.18148044283896592  0.19848187962613131  0.21368351683290374  0.22739292056501628
  0.24051808920041384  0.25298992063677306  0.26470841996100963  0.27625238519878115
  0.28676110736712435  0.29664841506529077  0.30601735223071264  0.31549155694494202
  0.32564486183709290  0.33627440832789457  0.34714071751851378  0.35747449253785252
  0.36656154463388235  0.37525951181367301  0.38332189593239313  0.39203341932740932
  0.40072687528266637  0.40910869351800205  0.41738324675879568  0.42530351425387564
  0.43343033543521053  0.44107876575540189  0.44916754938678266  0.45580298543864717
  0.46211091786091829  0.46815029993862672  0.47379299924920443  0.48119438146945348
  0.48852009587468170  0.49582960328718306  0.50142303395297472  0.50728340504823211
  0.51326087498020279  0.51908239352095564  0.52579147310009822  0.53367989335397026
  0.54170647405660433  0.54953061977290918  0.55722432640521702  0.56511319350220524
  0.57266174028097583  0.57985897411655718  0.58688774128918608  0.59376385984248770
  0.60060047399506067  0.60757135886858626  0.61461222056500375  0.62200556061768775
  0.62927224829341166  0.63628133375615648  0.64298442426109415  0.64938877607162060
  0.65548922558700817  0.66168424176002660  0.66772466357946181  0.67376016904748892
  0.67989259562088900  0.68613707034625648  0.69256530732222488  0.69836971234915490
  0.70382168122118438  0.70919624423562622  0.71467343114606607  0.72039549280151982
  0.72653524767919586  0.73280731122071008  0.73914090736303617  0.74532615933778079
  0.75135735712751406  0.75738973172704682  0.76383945220171445  0.77064860214965480
  0.77756170586719275  0.78461058468690958  0.79218330848716823  0.80036814715948967
  0.80871231378657826  0.81711237083090216  0.82573243340133695  0.83477242649151373
  0.84481300139832260  0.85501878688718069  0.86662528664312433  0.87964465391308166
  0.89514501598924823  0.91413711977215495  0.94156459069792942  1.00000000000000000
   1.3324007503396582       -1.0000000000000000     
 T F F T T F F T F T T F F T T F F T T F F T T F T F F T T F F T T F F T T F F T F F T F F F T F F T F F F T F F T F F T T F F T
  <DiscreteSampler_grid>
  grouped_processes
  1 # 1 for a reference and 2 for a running grid.
  10 # Attribute 'min_bin_probing_points' of the grid.
  1 # Attribute 'grid_mode' of the grid. 1=='default',2=='initialization'
  0.0000000000000000 # Attribute 'small_contrib_threshold' of the grid.
  0.5000000000000000 # Attribute 'damping_power' of the grid.
 # binID   n_entries weight   weight_sqr   abs_weight
    28   10   4.634602482439432E+007   6.455651785540806E+015   4.634602482439432E+007
    34   10   4.634602482439430E+007   6.455651785540804E+015   4.634602482439430E+007
    52   10   4.634602482439432E+007   6.455651785540806E+015   4.634602482439432E+007
    55   10   1.157068385329190E+008   3.702070494546250E+016   1.157068385329190E+008
    56   10   1.157068385329189E+008   3.702070494546245E+016   1.157068385329189E+008
    58   10   4.634602482439430E+007   6.455651785540804E+015   4.634602482439430E+007
    61   10   1.027601058026860E+008   2.949675033407873E+016   1.027601058026860E+008
    62   10   1.027601058026860E+008   2.949675033407868E+016   1.027601058026860E+008
    67   10   1.121975812397348E+008   3.501692530581266E+016   1.121975812397348E+008
    68   10   1.121975812397347E+008   3.501692530581263E+016   1.121975812397347E+008
    70   10   1.027601058026860E+008   2.949675033407873E+016   1.027601058026860E+008
    71   10   1.027601058026860E+008   2.949675033407868E+016   1.027601058026860E+008
  </DiscreteSampler_grid>
