  0.00001903589601802  0.00001952348630302  0.00002009896945818  0.00002073350722934
  0.00002137394675252  0.00002200648059358  0.00002264287265946  0.00002329724666254
  0.00002395885919316  0.00002456120301770  0.00002515275864614  0.00002576129046966
  0.00002641330127945  0.00002702419005083  0.00002762574431444  0.00002827623109923
  0.00002893930689546  0.00002960264830696  0.00003027988318168  0.00003094787984269
  0.00003161329051105  0.00003226073146234  0.00003294143374171  0.00003357722961969
  0.00003422228068670  0.00003489648587345  0.00003560058354004  0.00003633522072906
  0.00003706975459698  0.00003781907478157  0.00003859287291471  0.00003939740597027
  0.00004027038673992  0.00004119685904952  0.00004212851218501  0.00004308419546585
  0.00004404417925747  0.00004516033545771  0.00004637822154618  0.00004762337425179
  0.00004889417167845  0.00005020376612147  0.00005156410877816  0.00005289985088477
  0.00005422581263753  0.00005556446203173  0.00005700238918017  0.00005859712472388
  0.00006030171710955  0.00006199146572967  0.00006361337139332  0.00006526085399485
  0.00006696966875427  0.00006888726962157  0.00007085710948258  0.00007297007109320
  0.00007526919243756  0.00007777292750914  0.00008045806787174  0.00008326053064309
  0.00008614580242941  0.00008914393721081  0.00009229212171744  0.00009565156254941
  0.00009933696393799  0.00010321996578083  0.00010710974508465  0.00011165617552389
  0.00011667316413359  0.00012154213690962  0.00012681391329783  0.00013241102940526
  0.00013848329625207  0.00014537644685319  0.00015271090554460  0.00016010274821769
  0.00016788086741227  0.00017617209834463  0.00018575885014333  0.00019619583290858
  0.00020726963076289  0.00022073078683266  0.00023535866665896  0.00025078599673967
  0.00026686913479287  0.00028543456731407  0.00030797378753698  0.00033451736152294
  0.00037333269138872  0.00042669626384230  0.00049390849117788  0.00059406264610011
  0.00074327810256076  0.00101335079847211  0.01414768865084435  1.00000000000000000
 -0.00000705552255431  0.00019911114981949  0.00082761011402557  0.00203101271025641
  0.00372840790116336  0.00602966889816412  0.00836524598090950  0.01111899691869443
  0.01421444007190624  0.01757121788854032  0.02130074408037642  0.02515593926632816
  0.02914012924032998  0.03364049406885864  0.03907773818338373  0.04462059207811677
  0.05002875014618817  0.05569012421572991  0.06115519488010381  0.06622770668248175
  0.07160620688996799  0.07788102271993359  0.08505481798582130  0.09240274669822948
  0.10067095590076890  0.10867981472006429  0.11705187503222814  0.12511295594128843
  0.13325226787303318  0.14107084674488043  0.14889642673817371  0.15668993862111863
  0.16449593050432992  0.17316190385895955  0.18275715266875253  0.19240845870340761
  0.20266114353221990  0.21335700376515226  0.22419804350536479  0.23497872549367183
  0.24574760940389337  0.25642748621016376  0.26815979243439009  0.27984114096216267
  0.29208834371065989  0.30407021290257602  0.31601520627969271  0.32860221347876939
  0.34113568849762166  0.35376549974075899  0.36633432425496409  0.37901834278301588
  0.39185233506353684  0.40494707215300574  0.41842957670615444  0.43204743922631139
  0.44600808450576629  0.45944673504948269  0.47374193227186040  0.48778520990205448
  0.50152943832286745  0.51495030666496633  0.52853296836356789  0.54260565685009632
  0.55685784550868334  0.57158557834513191  0.58596006675900192  0.60128550925839330
  0.61750635524649744  0.63411258807490223  0.65108410895970270  0.66772682960486929
  0.68375433267342633  0.69938155908505262  0.71522744457515042  0.73079813771750624
  0.74625534653207448  0.76080499683509506  0.77483970059506191  0.78889624684894188
  0.80331478022265046  0.81819219065678339  0.83312487340870989  0.84800482285619272
  0.86248233245537609  0.87592840942026096  0.88962269503146840  0.90339157273239779
  0.91704621730233005  0.93036450531643666  0.94333595475659715  0.95518054590450641
  0.96685985878823666  0.97823073553018636  0.98911783042976598  1.00000000000000000
 -0.00192885622971916  0.00757138787815075  0.01668005551490415  0.02685199273428278
  0.03823701224306222  0.04965435359563231  0.06107776070029651  0.07341945461430124
  0.08519288897806053  0.09590538454726924  0.10711974624664838  0.11811182755460697
  0.12928639028596797  0.14053404609634237  0.15189334855696993  0.16293804916900015
  0.17370494455962451  0.18462691680652660  0.19545687394282688  0.20575092802697525
  0.21623056113773156  0.22693258266305266  0.23657425436648502  0.24570376104454961
  0.25395367660896134  0.26156345950925353  0.26929813571758704  0.27688886440115085
  0.28450652152687261  0.29265377511086138  0.30133312062325568  0.30961385961547594
  0.31879190016424896  0.32989577980792423  0.34117363626583208  0.35241550123527898
  0.36289635769011186  0.37297282105084151  0.38265412644962704  0.39198515991946753
  0.40114846914365732  0.41024739018522088  0.41974771268985711  0.42929264155412766
  0.43829104577106837  0.44694619984909789  0.45624644249426777  0.46644511651154991
  0.47682759670023439  0.48657974150931765  0.49564576700617796  0.50502167963783051
  0.51461055550475754  0.52462101848866260  0.53463264199010330  0.54502933817006405
  0.55555284804831673  0.56613580548653442  0.57647282285480450  0.58727024732722188
  0.59918384392022173  0.61231217805497462  0.62509604438879529  0.63666689453917391
  0.64813265077227900  0.65989926448833858  0.67144638773389254  0.68251390100055009
  0.69358420934323950  0.70521679260204373  0.71748200818914321  0.73105606306854265
  0.74595442047920746  0.76110216683680665  0.77477425591981042  0.78774909856538811
  0.79820866965837955  0.80738052812618710  0.81612816208453631  0.82509144919632016
  0.83512480731982519  0.84522302512392178  0.85542164063409754  0.86673568690979852
  0.87764761595025287  0.88829515857187769  0.89882859593703013  0.91102424771579404
  0.92230834737068046  0.93352892632961049  0.94554298345484178  0.95817410341831399
  0.97035577361917680  0.98174164440836398  0.99150943224034760  1.00000000000000000
 -0.00197185414125236  0.01844165153552714  0.02962042255071014  0.03813839361806686
  0.04516119089049851  0.05107600587753985  0.05679491529868000  0.06261308481478706
  0.06836551452944406  0.07434867515828850  0.08028144945103369  0.08599259613689529
  0.09113389752149130  0.09639997001574400  0.10186508328642581  0.10799159659606768
  0.11412511923085832  0.11990597828821507  0.12537459670572138  0.13079050241784959
  0.13650663111597180  0.14250373113343362  0.14896677160810057  0.15583682452070560
  0.16261185998493413  0.16923704540600501  0.17559282831216871  0.18231311861273927
  0.18980325060687814  0.19763512497047750  0.20544071297968378  0.21336989912220339
  0.22139328277073383  0.22974159334487770  0.23925299593325630  0.24929457678552688
  0.25979541535452844  0.27089580520507006  0.28326288259794491  0.29600375950308166
  0.30882246475950853  0.32201266998534878  0.33612277580420735  0.35213265442549357
  0.37339179402223494  0.39800622681170789  0.42471031852840624  0.45661913370090501
  0.49240023970273089  0.52482702460973107  0.55707709997721622  0.58928769927066549
  0.61369309257527394  0.63533144812814935  0.65627202910501137  0.67479693218830850
  0.68936883879069455  0.70332154678844006  0.71658232667425548  0.72904700714092585
  0.74069991796833912  0.75077702649700451  0.75925598550923867  0.76742997745683783
  0.77531647231941703  0.78292406495254052  0.79024127463687566  0.79750089625956633
  0.80472214466716263  0.81149222500268536  0.81886516196470605  0.82604853329306360
  0.83303198731127648  0.83973819798393667  0.84622977761099882  0.85252078508923990
  0.85868124970006265  0.86505544964728465  0.87149250993525984  0.87842698144116893
  0.88558361693407550  0.89227671136675024  0.89909729657481519  0.90600285120726487
  0.91294362224854309  0.92146388589810235  0.93033341938460579  0.93869684229231343
  0.94649255967188473  0.95389016107989633  0.96150958164549460  0.96901569935950127
  0.97545932375877675  0.98176797369396596  0.98855948436980057  1.00000000000000000
 -0.00260275761080954  0.01122151769851487  0.02238320654281211  0.03286346310174584
  0.04303852217476503  0.05363157861593872  0.06409421665927072  0.07391472035588921
  0.08370265026707305  0.09329266947427532  0.10309332275873279  0.11231340474928196
  0.12092920148179713  0.12918486328636311  0.13748610048697649  0.14604956782178058
  0.15489753829425179  0.16396717629817745  0.17343005916560730  0.18259852110269181
  0.19200356513907579  0.20121888787650630  0.21061390506385871  0.22065005550084119
  0.23139332825609063  0.24340738458879019  0.25548924077457402  0.26732767360569942
  0.27975882000415503  0.29238982457257517  0.30546171488553697  0.31816741417679645
  0.32991986343104440  0.34129964883833386  0.35215270004372823  0.36220837033198505
  0.37236864162937694  0.38222518019769924  0.39239636780791587  0.40255188107827905
  0.41256457366010763  0.42281591116280393  0.43394163577749884  0.44569000292044980
  0.45800446223064689  0.47080447291603594  0.48295204855584062  0.49496995752918210
  0.50738509580978797  0.52017517270919467  0.53352666531030302  0.54719653609684571
  0.55848743173785076  0.57056382390383731  0.58297592858435332  0.59436292652581102
  0.60466303594781901  0.61439409884850260  0.62409362833586912  0.63382750702762258
  0.64317313487698791  0.65319696980627107  0.66401383545561976  0.67546049602397540
  0.68605118985432023  0.69545191054239952  0.70471533947246645  0.71430217939491114
  0.72477198311378555  0.73498920742016838  0.74557166762380511  0.75711155138135733
  0.76895302833631030  0.78000627966643310  0.79108663455424133  0.80255732533418389
  0.81334877182992671  0.82327691290239824  0.83364269822807113  0.84584620375253561
  0.85781813951788488  0.86833539146747374  0.87813324712769492  0.88768599180793528
  0.89760120493855677  0.90831028914895129  0.92000468736128327  0.93201477659705190
  0.94231285691159550  0.95106770269207885  0.95972483954336407  0.96799627810003930
  0.97601425030918754  0.98403169237001353  0.99206493152390851  1.00000000000000000
  0.15477968173101353  0.21068046479361274  0.23655965019065980  0.25537343041590727
  0.26470076583867058  0.27299914796658564  0.28100368016053773  0.29056804179880563
  0.29974669666173359  0.30574921066288357  0.31220609147587047  0.31870815006626563
  0.32597753681706138  0.33445341822158103  0.34265774928327475  0.35173853216413381
  0.35976178712958629  0.36712613891542945  0.37432711434468863  0.38144549053671828
  0.38835203068321139  0.39558421620727763  0.40285693910789377  0.40992667314687070
  0.41657588158321102  0.42295816549601861  0.42984385342472586  0.43666674165487063
  0.44278722601455894  0.44864592117185326  0.45485465352237436  0.46103858405689069
  0.46695845439986372  0.47231097528790766  0.47720222065553258  0.48285341488471517
  0.48972712663897067  0.49702519724416200  0.50430570238259875  0.51148368537330280
  0.51866270455963071  0.52596012821589344  0.53314825061739690  0.54044892101948339
  0.54805530625138377  0.55587870523278882  0.56384641122057644  0.57185954671731876
  0.57981403863380654  0.58766124270946396  0.59521746281604970  0.60251970854800163
  0.60995696174931757  0.61768961907281339  0.62643971614925054  0.63536368353918593
  0.64407415611473329  0.65206474259476932  0.65980243803568539  0.66758600022900338
  0.67465533583343473  0.68189598106245697  0.68916354830984283  0.69709039653449256
  0.70451072004928028  0.71223961860786322  0.72045776403765271  0.72871140643325860
  0.73686104007115349  0.74509424326038542  0.75384344639614709  0.76264738160488887
  0.77109085001285982  0.77940158168513052  0.78779128224040917  0.79632825476338376
  0.80489393144050980  0.81330402602860008  0.82174187401870213  0.82990418731913995
  0.83845132191417326  0.84713060649094118  0.85671454787869539  0.86675599397255731
  0.87637739925220259  0.88556435565371672  0.89489564845776048  0.90469431039339809
  0.91472540618834020  0.92455738665848430  0.93410412508235707  0.94372193808201743
  0.95359139276653948  0.96521622023676823  0.97942189504933030  1.00000000000000000
 -0.01805288781024948  0.10368110008308284  0.13790496263353039  0.15934872384851753
  0.17542361908851228  0.18935763565826369  0.20215304492036806  0.21424257139599173
  0.22548394756086895  0.23551990714635965  0.24520073620721225  0.25494393261838832
  0.26477462987725447  0.27433581155609277  0.28335143046375511  0.29181217814641208
  0.29988142990888961  0.30781949626585847  0.31546068351635231  0.32264905849093650
  0.33005549762940289  0.33706043177310041  0.34416172629109493  0.35141396228587102
  0.35889371669260328  0.36661448137827729  0.37389853280616220  0.38062228600475428
  0.38717601548448533  0.39358352215120102  0.39947681541721730  0.40487146115213452
  0.41027262176677798  0.41575698572232545  0.42146592448557252  0.42734908473584138
  0.43322728815716438  0.43897250205361626  0.44495118202927347  0.45087987980060479
  0.45675760719181890  0.46273683963494394  0.46876334974566353  0.47481858332783339
  0.48092928302197563  0.48695657019382543  0.49299103804981848  0.49901185241059753
  0.50464930633206795  0.50999798219779924  0.51528096501125120  0.52060520567949198
  0.52605398501437484  0.53164016318644691  0.53728078083470632  0.54287968893747740
  0.54835879625345274  0.55364504923924507  0.55874231944697716  0.56399864978302083
  0.56966376458019830  0.57578775925688142  0.58184044807363466  0.58798997765113270
  0.59385845531167869  0.59946114660597838  0.60486173239209773  0.61025653654085255
  0.61626390281351628  0.62231734979195719  0.62847112140114625  0.63463727969404138
  0.64081638526289086  0.64745432988173890  0.65464939331042094  0.66204672331890835
  0.67007254419618900  0.67883142649185257  0.68797670790570620  0.69709067556155935
  0.70612329836977328  0.71545837106138432  0.72543487134982731  0.73575355498467399
  0.74629179578621030  0.75636638688277025  0.76650376128259923  0.77775029199516654
  0.78937324243305673  0.80058991553628844  0.81235560420704711  0.82660064955332313
  0.84433977470444466  0.86595765223415555  0.90112059956813750  1.00000000000000000
   7.2619666361259686E-003  -1.0000000000000000     
 T T T F T F F F F T T T T T T F F T T T T T T F F F F T F T T T F F F F F F F F F F F F F F F F F F F F F F F F F F F F F F F F
  <DiscreteSampler_grid>
  grouped_processes
  1 # 1 for a reference and 2 for a running grid.
  10 # Attribute 'min_bin_probing_points' of the grid.
  1 # Attribute 'grid_mode' of the grid. 1=='default',2=='initialization'
  0.0000000000000000 # Attribute 'small_contrib_threshold' of the grid.
  0.5000000000000000 # Attribute 'damping_power' of the grid.
 # binID   n_entries weight   weight_sqr   abs_weight
    10   10   5.063464093588868E+005   2.339131339688046E+012   5.063464093588868E+005
    16   10   5.043880867296687E+005   2.339013573012251E+012   5.043880867296687E+005
    22   10   5.043880867296684E+005   2.339013573012249E+012   5.043880867296684E+005
  </DiscreteSampler_grid>
