  0.00001819314222332  0.00002067887776490  0.00002133889385456  0.00002206531784876
  0.00002284552470096  0.00002366513529798  0.00002451522532817  0.00002538908023728
  0.00002624706155135  0.00002723148814033  0.00002830718932044  0.00002945929072265
  0.00003060360038520  0.00003171921483057  0.00003282914457630  0.00003393137331055
  0.00003514779205085  0.00003664944347945  0.00003807512355864  0.00003957580413308
  0.00004109276013508  0.00004262572573393  0.00004425516525635  0.00004605810669152
  0.00004800010362465  0.00004988498742337  0.00005184234764318  0.00005361779420184
  0.00005538026187240  0.00005720765899306  0.00005918255866280  0.00006143751042823
  0.00006396554389552  0.00006666799370566  0.00006939664872609  0.00007222181811297
  0.00007534005185428  0.00007877515932482  0.00008233224178020  0.00008610234128572
  0.00009009844301377  0.00009413205003683  0.00009831515073530  0.00010264682809686
  0.00010731152653417  0.00011219397668628  0.00011730854740467  0.00012242795404496
  0.00012817974254774  0.00013416542853521  0.00014066784277476  0.00014769904350389
  0.00015511255079628  0.00016306081224447  0.00017163204376191  0.00018091011484275
  0.00019133835012355  0.00020252787416760  0.00021489179969391  0.00022811333655566
  0.00024260101847045  0.00025741216095531  0.00027444732312766  0.00029152244489937
  0.00031130754614160  0.00033294481181870  0.00035777586217015  0.00038444156297785
  0.00041378939120393  0.00044580491595252  0.00048181634534710  0.00052415379168262
  0.00057299359681098  0.00062648346372684  0.00068262309412934  0.00074560139608410
  0.00082158513800150  0.00090451225985638  0.00099337083502248  0.00109174221013162
  0.00119722750339586  0.00130383487432422  0.00141795027487732  0.00153380926803485
  0.00164023651498638  0.00175615262238991  0.00190606442739255  0.00206737133253225
  0.00222303640004864  0.00241461901566148  0.00265109171899794  0.00290260486491611
  0.00323713466588527  0.00354227853223468  0.00376077651336759  1.00000000000000000
  0.00001863606973228  0.00001965542766318  0.00002012823265806  0.00002062094618897
  0.00002121834756656  0.00002180041445001  0.00002234430040517  0.00002288043018188
  0.00002341739799467  0.00002398971225009  0.00002473835377835  0.00002552964804573
  0.00002629229411852  0.00002709323155613  0.00002801477676396  0.00002892685058575
  0.00002988472156494  0.00003087880574169  0.00003194846233252  0.00003303511026708
  0.00003415637374454  0.00003536167987023  0.00003664389736099  0.00003798580772931
  0.00003932750439398  0.00004089773430836  0.00004245596139765  0.00004413740674702
  0.00004601380332256  0.00004803673596967  0.00005004521920096  0.00005223746135577
  0.00005450470761338  0.00005676573263741  0.00005912452453699  0.00006152950255332
  0.00006403657475700  0.00006681191636949  0.00006982148950666  0.00007290737535197
  0.00007601804856843  0.00007905424377120  0.00008212715557031  0.00008526311602551
  0.00008853881553236  0.00009200843920685  0.00009567166760430  0.00009949134288167
  0.00010331825076398  0.00010722558957435  0.00011135838303199  0.00011554935108798
  0.00011981625073661  0.00012431995382655  0.00012952005768608  0.00013481105971225
  0.00014046525739518  0.00014640990911558  0.00015259476372462  0.00015909246955611
  0.00016628444805644  0.00017380649140722  0.00018185565517094  0.00019057477734750
  0.00019977059276880  0.00020946739951791  0.00021995428569615  0.00023095445194116
  0.00024324050138724  0.00025619195571083  0.00027074029764762  0.00028688565339810
  0.00030464425630398  0.00032470326645183  0.00034642859274987  0.00037172567145590
  0.00040131500178665  0.00043703288795887  0.00047773996111818  0.00052257613601285
  0.00057138688635060  0.00062778192441263  0.00069623634091703  0.00078085075606470
  0.00088117280065838  0.00099303826553691  0.00112284708140083  0.00128125249611446
  0.00144253402544887  0.00161242356592365  0.00177137018915976  0.00194101463401605
  0.00216672621899977  0.00240148532283907  0.00526015657794078  1.00000000000000000
 -0.00144111677431747  0.00662048039853829  0.01329122177036350  0.01999643251787632
  0.02697123679561752  0.03400368098330089  0.04133282120869637  0.04849450849957893
  0.05565899597202445  0.06283143639239952  0.07015934012261955  0.07760707843158693
  0.08500510375438605  0.09215423760383279  0.09924913262453618  0.10662822087407849
  0.11443498988289459  0.12280020484047927  0.13164179871200010  0.14075974591296769
  0.15010177822740611  0.15956974306206051  0.16872092248369266  0.17788155508402434
  0.18730611060237601  0.19713302065575344  0.20696794281259923  0.21719381320667883
  0.22796280303677513  0.23938506880395519  0.25155716854863464  0.26416512485339394
  0.27738994354606800  0.29087025814758266  0.30387481170367348  0.31666198805197959
  0.32946496543948123  0.34274459885855696  0.35650420829826035  0.37072049824201775
  0.38505221436485298  0.39928743916962200  0.41361319217522025  0.42778630770517811
  0.44234856198942635  0.45755077970183772  0.47273699837713418  0.48727616311570160
  0.50158521065413186  0.51569848125492612  0.52973138104497475  0.54348051074895254
  0.55684779811970342  0.57040278834524927  0.58392242073880873  0.59606213853368373
  0.60833564924006711  0.62131017951028678  0.63586970173084056  0.65069465257575143
  0.66476643110272393  0.67795810120627786  0.69096523892269723  0.70389765766990142
  0.71629989534870731  0.72809819131379561  0.73996594768044210  0.75152434204431551
  0.76309938499834973  0.77460043849882554  0.78640019442810816  0.79773950601434485
  0.80850618020206033  0.81838802031065339  0.82801954471536776  0.83734870872534795
  0.84669902278382803  0.85602813742336481  0.86514795828424962  0.87392817132971112
  0.88239522837354201  0.89065668155473054  0.89872382523025574  0.90638940605108931
  0.91374837548334964  0.92136946351213123  0.92948283828690292  0.93716177828623237
  0.94494137962172020  0.95269473524811987  0.96045729839065486  0.96826960253798533
  0.97606910667753832  0.98396931480840222  0.99165306253139451  1.00000000000000000
 -0.00225501871872267  0.00930507165850279  0.01846297713393617  0.02856561787407298
  0.03782699937503148  0.04771813970691303  0.05760832830377832  0.06824117092009652
  0.07916149098243078  0.08997163471119302  0.10071644446028913  0.11165848637758401
  0.12286462287137628  0.13409121290785475  0.14478717404254873  0.15497305664505853
  0.16515389768111213  0.17543766543846695  0.18590224440982117  0.19627723811390649
  0.20639383514339515  0.21671526187478157  0.22687002266014633  0.23676618407274386
  0.24657664164467641  0.25611495266701495  0.26538800277137192  0.27471107786426746
  0.28406606161685605  0.29395511723127193  0.30479083234708704  0.31575052242068663
  0.32628801836351473  0.33656663942825854  0.34675643946777124  0.35751033226745110
  0.36859437102295606  0.38014616428375347  0.39099567108560968  0.40115945365200045
  0.41157422413949468  0.42249808800319150  0.43391692971334495  0.44418485914854855
  0.45410005591103147  0.46414682085262227  0.47445001895378480  0.48466272222450824
  0.49459562923696948  0.50534229383028995  0.51698813754292183  0.52867329597622603
  0.54021670256417986  0.55083358789486370  0.56134476793062960  0.57143469162596827
  0.58155823698314035  0.59202825912232693  0.60235598033489224  0.61336072833339972
  0.62458345285162920  0.63589848099253576  0.64720610155895963  0.65760422610679259
  0.66825584951793016  0.67872761528098002  0.68880864953810617  0.69880545115063930
  0.70918996306547266  0.72056599877517680  0.73238871786533388  0.74404149031869160
  0.75554456440708484  0.76642535193168360  0.77772490439172470  0.78844085667486286
  0.79934057482704557  0.80960609738431177  0.82032468999143426  0.83083556872777942
  0.84123582893581428  0.85118353573882821  0.86121950217148102  0.87176123613695933
  0.88296778798774711  0.89440440613813288  0.90607414621141824  0.91788866035425420
  0.92844218179508364  0.93800200079914764  0.94758198591351039  0.95682322263154518
  0.96764614826495998  0.97825906669130602  0.98888378808576571  1.00000000000000000
 -0.00235265832681243  0.00924723433119194  0.01884992424140291  0.02843855049643660
  0.03829476026596367  0.04797415022154903  0.05758629683099912  0.06733785982528162
  0.07763208657450130  0.08831932501491449  0.09973649959096842  0.11159833115287780
  0.12362732519826887  0.13457898372972971  0.14461019385989665  0.15429132990716476
  0.16420831796258711  0.17467360075072647  0.18559046624571190  0.19655925581522662
  0.20771960995570751  0.21883340540769203  0.22971120219121929  0.24014755294688472
  0.25063867148035701  0.26150628776747181  0.27260993909318981  0.28383324832992063
  0.29524081307199440  0.30688443571534124  0.31797330566857757  0.32836218407821494
  0.33837688401118038  0.34868554227858645  0.35968482314145317  0.37110173931279067
  0.38256789445506628  0.39385068664496165  0.40482741572599312  0.41539333262481054
  0.42601929564744628  0.43677696710549380  0.44777603231814606  0.45874093459127924
  0.46945122418783081  0.47979032465969890  0.49010972970823680  0.50053129574447741
  0.51107876291758436  0.52168841117897424  0.53231660026515115  0.54316549009016279
  0.55407114759749965  0.56439926605846924  0.57459958399366240  0.58470131116723989
  0.59506874199907178  0.60507853205034057  0.61480477948270296  0.62448353876936502
  0.63478873251926393  0.64550744866591203  0.65634342586839634  0.66719679090608286
  0.67783017719025751  0.68725716059950726  0.69599626815553750  0.70417351653597982
  0.71365603073473105  0.72417659651532473  0.73457672150446407  0.74443268841328925
  0.75409713653225607  0.76367791054469869  0.77326897690770346  0.78282835099741344
  0.79274850126620555  0.80265837374181315  0.81265255223727761  0.82293389900607383
  0.83401808315409320  0.84568510500593508  0.85774022244578163  0.86999312378765026
  0.88158103585446601  0.89230303381017095  0.90291902865336926  0.91359262470990654
  0.92392866338845492  0.93387634252106899  0.94455739692709573  0.95590622238552803
  0.96717592499727600  0.97798562457651539  0.98894531487311799  1.00000000000000000
  0.05488368904369615  0.07453203559543015  0.10954116308747119  0.11459087142098402
  0.11818467485565491  0.13461580405960513  0.15282531043485714  0.17251406938623645
  0.18857762448005608  0.20203433048331279  0.21419710364982475  0.22594968920333994
  0.23861171693693728  0.25171301114103334  0.26509584472807524  0.28103673833139209
  0.29756466243225382  0.31176060909879122  0.32403232575291796  0.33552732472534463
  0.34777750373684180  0.36057100216444371  0.37353706767440659  0.38607302281143069
  0.39863994943903347  0.41116183160913239  0.42372510533471497  0.43636370675823388
  0.44878362781444175  0.46074643844315927  0.47253235566889323  0.48432607872977174
  0.49593959394211595  0.50712656825718783  0.51810655252185200  0.52920838144382853
  0.54077098784467736  0.55249614101836053  0.56405688597719994  0.57511138744793033
  0.58582323317740093  0.59661259827916069  0.60745905084270568  0.61857869719150438
  0.62947892223739499  0.64007332661587324  0.65058868598168040  0.66090434988975988
  0.67105008061063642  0.68097013106591597  0.69104873316120408  0.70149333287591542
  0.71164841490097619  0.72149394311571391  0.73073237283497283  0.73983343985065109
  0.74888438046154138  0.75814359729173497  0.76703569842659192  0.77578765796544191
  0.78434264055825376  0.79311990084600803  0.80201858200747989  0.81092094423461591
  0.81985483502849521  0.82878034936775502  0.83752171775793027  0.84594225530529643
  0.85395317561984563  0.86140548772523207  0.86851199658891443  0.87553611195014480
  0.88214966690728980  0.88860165234338273  0.89492232439077013  0.90101690872028861
  0.90707850711968030  0.91303273864253776  0.91874699507011703  0.92412615085918803
  0.92921467313134531  0.93416341164884109  0.93879276474555284  0.94323664438956123
  0.94766443005580803  0.95222818801815368  0.95689648851529407  0.96135951872096415
  0.96576449984785673  0.97016119164044301  0.97455256168566973  0.97909528270870450
  0.98355501954864233  0.98821066065083762  0.99358727238968814  1.00000000000000000
 -0.00939301611908026  0.05586291737801249  0.08054616773676211  0.09697627081833181
  0.10971420548026907  0.12065007565120094  0.13008333485163548  0.13877329392784563
  0.14703059956476805  0.15461808219748421  0.16205818869118979  0.16936378387513060
  0.17624382565355975  0.18309426030733864  0.18981953609118368  0.19643844241044298
  0.20283980686282790  0.20898312754511014  0.21489188673144086  0.22077786309310188
  0.22671526711555223  0.23254525028499948  0.23823224157788711  0.24382533078865706
  0.24930382320077710  0.25496971514863459  0.26067053285933667  0.26651312581146547
  0.27249019538703673  0.27848797755937665  0.28424424807141913  0.28979438425997300
  0.29524080930108182  0.30061515373942965  0.30599832762154960  0.31148685658293429
  0.31690502040243534  0.32234819298175010  0.32798291618913761  0.33328969656729024
  0.33900592855545181  0.34451473662005960  0.35011391334025688  0.35579717935037641
  0.36174383819716183  0.36774665134790102  0.37366800276849743  0.37969662477079830
  0.38590259325816550  0.39212065768174587  0.39838699260346488  0.40458456776434215
  0.41069161629408285  0.41713804627164952  0.42394672325244936  0.43080788909293016
  0.43757938314993011  0.44433690371117096  0.45123086841223425  0.45831848046338391
  0.46550694758377947  0.47265650577468704  0.47974218866464741  0.48681203526438205
  0.49385412570442200  0.50118891319935666  0.50867801104743260  0.51583656748635376
  0.52343689184110376  0.53115851777253598  0.53933619268220634  0.54746567804062507
  0.55577859744773894  0.56427212784355896  0.57271345204864543  0.58127656361220459
  0.58998008520699852  0.59916258606871053  0.60900656480882676  0.61925582399568901
  0.62877459492906218  0.63851969851169277  0.64872045048449667  0.66047357516117222
  0.67268136283872992  0.68510701758409764  0.69838570193197613  0.71260026341478300
  0.72784577830015329  0.74438956323434213  0.76261740185834492  0.78277539339132041
  0.80576203514200251  0.83371725222349735  0.87490908644363730  1.00000000000000000
  0.75914661302062247       -1.0000000000000000     
 F T T F T F F T T F F T F T T F F T T F T F F T T F F T F T T F F T T F T F F T T F F T F T T F F T T F T F F T T F F T F T T F
  <DiscreteSampler_grid>
  grouped_processes
  1 # 1 for a reference and 2 for a running grid.
  10 # Attribute 'min_bin_probing_points' of the grid.
  1 # Attribute 'grid_mode' of the grid. 1=='default',2=='initialization'
  0.0000000000000000 # Attribute 'small_contrib_threshold' of the grid.
  0.5000000000000000 # Attribute 'damping_power' of the grid.
 # binID   n_entries weight   weight_sqr   abs_weight
    19   10   3.426449359226063E+006   9.066633393419036E+013   3.426449359226063E+006
    20   10   3.426449359226062E+006   9.066633393419034E+013   3.426449359226062E+006
    25   10   6.804209132687944E+006   3.586419785899011E+014   6.804209132687944E+006
    26   10   6.804209132687938E+006   3.586419785899008E+014   6.804209132687938E+006
    34   10   3.426449359226063E+006   9.066633393419041E+013   3.426449359226063E+006
    35   10   3.426449359226062E+006   9.066633393419034E+013   3.426449359226062E+006
    37   10   3.429566631559308E+006   8.843076784979361E+013   3.429566631559308E+006
    38   10   3.429566631559306E+006   8.843076784979353E+013   3.429566631559306E+006
    43   10   6.781624045326004E+006   3.550045632127648E+014   6.781624045326004E+006
    44   10   6.781624045325999E+006   3.550045632127643E+014   6.781624045325999E+006
    52   10   3.429566631559310E+006   8.843076784979369E+013   3.429566631559310E+006
    53   10   3.429566631559307E+006   8.843076784979361E+013   3.429566631559307E+006
  </DiscreteSampler_grid>
