  0.00001892928116345  0.00001958868941887  0.00002009924116142  0.00002060851569255
  0.00002119748457650  0.00002185877821377  0.00002257445933178  0.00002328323663323
  0.00002402546410981  0.00002479647599586  0.00002553996011021  0.00002626428187073
  0.00002699345498861  0.00002773168246911  0.00002848925419232  0.00002929871929068
  0.00003017163946940  0.00003109703673534  0.00003209436521431  0.00003312367142199
  0.00003412998298611  0.00003523032756467  0.00003638585762001  0.00003756439276970
  0.00003875086156190  0.00004001866005520  0.00004143186817945  0.00004286330968997
  0.00004431761534301  0.00004587464907248  0.00004746568809559  0.00004911524136306
  0.00005080388922820  0.00005255630614375  0.00005436677445635  0.00005619556246230
  0.00005811022354397  0.00006018968726471  0.00006224831323189  0.00006430974213414
  0.00006645481980335  0.00006893599599219  0.00007154032055934  0.00007436427268580
  0.00007730898630745  0.00008035812771807  0.00008346503063230  0.00008685869746860
  0.00009037759032922  0.00009387271329413  0.00009748853867480  0.00010129257613763
  0.00010532946312895  0.00010966470724646  0.00011441678744097  0.00011937826958509
  0.00012463927032343  0.00013056473224024  0.00013643062488621  0.00014319408295957
  0.00015047335725324  0.00015811408566167  0.00016658293777753  0.00017559623064049
  0.00018591203523763  0.00019707843061547  0.00020908916477050  0.00022176461061637
  0.00023559382716242  0.00025077639632109  0.00026786480708656  0.00028641062388584
  0.00030710370113984  0.00033067036261452  0.00035821313970273  0.00038971990075890
  0.00042325020585356  0.00045985466416700  0.00050162065392293  0.00054933854367005
  0.00060666201065056  0.00067689222576089  0.00075838688789995  0.00084640579443617
  0.00093643550220924  0.00104592090111393  0.00117008094137989  0.00133007066026065
  0.00150057948269098  0.00171596419768379  0.00209296427481131  0.00251044829000105
  0.00298418506818416  0.00422468122251108  0.01299808317598736  1.00000000000000000
  0.00001907108803192  0.00001954203840220  0.00001993205796951  0.00002028604350319
  0.00002061543627381  0.00002095790123618  0.00002133518485642  0.00002175678162425
  0.00002219183211083  0.00002263856148751  0.00002307057812296  0.00002349536011673
  0.00002395937797563  0.00002445828963825  0.00002497595459061  0.00002549958902369
  0.00002605242438489  0.00002661129906363  0.00002718435518945  0.00002778069600598
  0.00002841476260803  0.00002909794477097  0.00002980157021832  0.00003053771679388
  0.00003133025488365  0.00003216536767907  0.00003301902615368  0.00003388757289600
  0.00003482264218719  0.00003582808533282  0.00003686814932917  0.00003792850503774
  0.00003903893779575  0.00004024355192689  0.00004144214051174  0.00004261966878604
  0.00004376898919250  0.00004507213595049  0.00004643351204398  0.00004783901672405
  0.00004931362056433  0.00005098231450659  0.00005288040249407  0.00005482937746133
  0.00005671582282827  0.00005860065270337  0.00006058827426717  0.00006265969988596
  0.00006481963515810  0.00006716014951173  0.00006957916545218  0.00007212718046089
  0.00007480221201781  0.00007767888326638  0.00008061917609003  0.00008362324193928
  0.00008676286037867  0.00008996870201352  0.00009320690438902  0.00009673256854149
  0.00010057619952114  0.00010454940683322  0.00010868017112611  0.00011313768622426
  0.00011787976542145  0.00012285756788247  0.00012815039239228  0.00013361312164195
  0.00013941376448345  0.00014587416531170  0.00015260215800915  0.00015980657643329
  0.00016791427411041  0.00017680726086177  0.00018680009843555  0.00019767263691807
  0.00020904023512108  0.00022107400898549  0.00023420429693552  0.00024929340781566
  0.00026621532616641  0.00028552916372460  0.00030667668872919  0.00033128502944786
  0.00036061026374701  0.00039484568108428  0.00043656092186920  0.00049193531983961
  0.00056479413065849  0.00066311695199902  0.00079564582165868  0.00098835438602794
  0.00132981749931862  0.00222664058084335  0.00374574202258190  1.00000000000000000
 -0.00265851734238379  0.01233028980022297  0.02442535564512231  0.03564547881730031
  0.04528770529541415  0.05433788518858045  0.06316399105670524  0.07081208876286862
  0.07873912866263207  0.08689798530379042  0.09533745227356213  0.10326920524497400
  0.11069472910909603  0.11795504341671864  0.12522960141432227  0.13346988627751719
  0.14278458603087643  0.15248241216682695  0.16241726803747814  0.17197424232333577
  0.18142775815365814  0.19123565108658280  0.20050922457341575  0.20985019261125359
  0.21890783494787955  0.22826830052821023  0.23836189725672563  0.24887324485703563
  0.25950228598260217  0.27005176688073801  0.28106684225565864  0.29241327911171633
  0.30398956624991530  0.31562536215153386  0.32734587785435126  0.33897536788748511
  0.35065474123820589  0.36242571938897189  0.37508099852797760  0.38765941012909944
  0.40042528876001654  0.41296808685028880  0.42506413144681121  0.43692055966718868
  0.44895283069088449  0.46077505525399864  0.47217557077915395  0.48372320064309760
  0.49540142526760839  0.50771516673455996  0.52037011456521298  0.53284384017348518
  0.54524052979727322  0.55757794668810556  0.57021604350559607  0.58255083630902493
  0.59466044931980044  0.60647852346015330  0.61867410766763931  0.63069950787134421
  0.64245379598244901  0.65430875349629380  0.66623385318483508  0.67782817777860427
  0.68917194609147114  0.70014488760602578  0.71067708948616792  0.72072676393748158
  0.73075071179595874  0.74080026434851198  0.75100940650287440  0.76048818492368442
  0.77020247026489597  0.77978973473278412  0.78950560494332678  0.79925617682642591
  0.80899835560015076  0.81859264653750774  0.82820822941293282  0.83793160852009618
  0.84764733638859091  0.85688900200765006  0.86572738823375850  0.87453275334869629
  0.88368806446780113  0.89314100977720290  0.90245421182274177  0.91162688265755032
  0.92102619481829762  0.93128860522969659  0.94185096986278405  0.95223333251556774
  0.96302004284996379  0.97494291430350355  0.98751524385157230  1.00000000000000000
 -0.00244024606916355  0.01004372857932095  0.02117331905338670  0.03256810407017604
  0.04353261264319669  0.05415094255596638  0.06495184737333563  0.07597239576479613
  0.08669471055739553  0.09707663349129884  0.10758161004889796  0.11815859896167871
  0.12873681769675546  0.13904108610405691  0.14966786819411698  0.16074693308292426
  0.17170008691565178  0.18171244031440764  0.19133796795237132  0.20049814170411462
  0.20995253209763573  0.21929823696563913  0.22828516956272357  0.23788943010822750
  0.24787233230804534  0.25830642874684789  0.26918408252461962  0.27961169652499923
  0.29012657889494015  0.30037842472081538  0.31049183435400241  0.32042155364593805
  0.33045535729383430  0.34053000445169512  0.35079399589208232  0.36106119510339063
  0.37163894248344093  0.38253076718829315  0.39358109639872385  0.40426371345788387
  0.41412557480833201  0.42394852690293933  0.43399531138551900  0.44504072460544919
  0.45647302783732852  0.46881520731715542  0.48071082493510853  0.49252117839832443
  0.50384252726737455  0.51507037302360881  0.52574740444856838  0.53627505129458042
  0.54680879778402702  0.55708000735844654  0.56754317072554672  0.57810097053153653
  0.58899484386938661  0.60010574817996942  0.61137710077317586  0.62290083180379618
  0.63459475795252984  0.64627979650360079  0.65780290947464570  0.66884690203075647
  0.67921914232916025  0.68950449903018651  0.69987542164294270  0.71010186736426872
  0.72013720791721092  0.72981700088748969  0.74044051068335370  0.75114981433289596
  0.76204455625205458  0.77284300751512369  0.78333563133463358  0.79366028834111879
  0.80386110375447839  0.81364943135987111  0.82293898617036743  0.83232796676346588
  0.84209327725860506  0.85169276709335962  0.86107485970371600  0.87033148187971998
  0.88023880372319541  0.89097149460328617  0.90225661275139390  0.91355907577800832
  0.92434529395942899  0.93493448578896876  0.94531758505684216  0.95609139635190377
  0.96745328868285119  0.97862371149118954  0.98925463064830166  1.00000000000000000
 -0.00220469202329084  0.00996260759774621  0.02041746241456903  0.03136747110383520
  0.04257866499547659  0.05437396633862935  0.06553622070946244  0.07562439100889705
  0.08585122135964508  0.09585548422047994  0.10569738724344829  0.11507914504891684
  0.12446621272904780  0.13435116463619365  0.14465706417414007  0.15480490120316454
  0.16485943054334631  0.17495396460240947  0.18491611123474458  0.19468471284180172
  0.20434425314136945  0.21426198510468211  0.22426221021119791  0.23393878310991245
  0.24317099677306758  0.25281316153567018  0.26277912310512341  0.27256483493886857
  0.28225541631588152  0.29193890529654670  0.30207039390723994  0.31242313011110207
  0.32290993964801923  0.33378965447791586  0.34469014256462432  0.35530844836347203
  0.36576064080937443  0.37663067030747366  0.38811391281068564  0.39977422676340346
  0.41119081836613147  0.42198617055765614  0.43244727625509494  0.44281692222114410
  0.45324847986255523  0.46378148501574190  0.47396525646833187  0.48491536748951741
  0.49591432125073637  0.50737537059423110  0.51871032396184968  0.53046042823441952
  0.54216041593376529  0.55405094623475204  0.56574521764348162  0.57712923387706105
  0.58834459556636964  0.59911539940095992  0.60939582740095055  0.61942540064533391
  0.62961950495513008  0.64030254909074369  0.65082793898994218  0.66133470871392219
  0.67170843384101853  0.68309845805542990  0.69463190160167343  0.70657467383301364
  0.71782951765684944  0.72861264641166601  0.73909752120691707  0.74978982208936440
  0.76037683729077998  0.77058207419896929  0.78059956628622496  0.79046779650833265
  0.80047201473505658  0.81002174514953440  0.81985924844278502  0.82983870929904557
  0.84045501031601366  0.85162253380379538  0.86268208978645067  0.87392420592626174
  0.88487620156677016  0.89603198435844800  0.90672689525722716  0.91776965710336533
  0.92835676946543244  0.93913458821339924  0.94910108403726912  0.95920728270744082
  0.96886804013448036  0.97904768842181011  0.98903161706618947  1.00000000000000000
  0.07826915099600162  0.11408134228425416  0.12681277026776719  0.14159947642663367
  0.15746998464987605  0.17631435666045389  0.19558014164696277  0.21517596297817498
  0.23347349506348347  0.24884590913536631  0.26364841047952298  0.27786079474949960
  0.29112272276785678  0.30482399941954297  0.31783287596737680  0.33043080073198017
  0.34266564894691393  0.35485776362766364  0.36732670943989387  0.37917618226430555
  0.39090913385238879  0.40234808618741624  0.41382577325760822  0.42504037215923673
  0.43618701472444082  0.44775401821073707  0.45963612423479933  0.47130152258389774
  0.48278858019493504  0.49421230334333610  0.50595834174931587  0.51779675107136569
  0.52932749363974951  0.54038081825878614  0.55117031220438484  0.56185819747874899
  0.57268628563934598  0.58361394670992839  0.59422693798177917  0.60472055194359819
  0.61499435307706229  0.62576782694360433  0.63618097094512216  0.64661791076676212
  0.65660512692380413  0.66660867597071249  0.67625316033102523  0.68579769224145160
  0.69484576724861558  0.70412379890473642  0.71285737093318335  0.72163440749401619
  0.73030778882161185  0.73880624681684981  0.74728828847831441  0.75565454680028143
  0.76405357905047533  0.77218550012589227  0.78017740634791588  0.78818595754941245
  0.79635880844427354  0.80470575954861479  0.81288615160540323  0.82068271433086293
  0.82824111911586362  0.83569854231842089  0.84298866945924544  0.85012391306479496
  0.85717278435510991  0.86400449734672802  0.87078818830710503  0.87752457920612081
  0.88396012959791459  0.89043913465016655  0.89674683611411687  0.90275644789218912
  0.90874628618211750  0.91465648461472904  0.92025548590108541  0.92557847175601260
  0.93079803145584394  0.93589642786539051  0.94068360828375852  0.94517944175409130
  0.94970743606336783  0.95417880156499657  0.95848723202612174  0.96262701817178209
  0.96672388334879189  0.97113891267644692  0.97553801129837592  0.97994436705264176
  0.98429660492808191  0.98894208410070783  0.99418512581849772  1.00000000000000000
 -0.01864602298490862  0.10493694201792267  0.13946539143883904  0.16094678189326966
  0.17776406397078418  0.19241446711848195  0.20500623005596541  0.21629655995411262
  0.22672012646995932  0.23662346808711027  0.24582349280162319  0.25492613878782405
  0.26413735319550385  0.27311847126246497  0.28222700487925184  0.29079637173949269
  0.29926705032491829  0.30730798799483156  0.31503236732079370  0.32238406835315675
  0.32956498586670890  0.33638770575418253  0.34312264891900840  0.34991485455551963
  0.35668407308371547  0.36314678655286908  0.36954292818958984  0.37579369425833981
  0.38209467601981228  0.38836055389669571  0.39462062022728017  0.40111232627193238
  0.40757382376638696  0.41405975296695358  0.42074087106587765  0.42727764020166514
  0.43369266227609415  0.43991720126691131  0.44573672151380328  0.45156523716129604
  0.45744172080809120  0.46342642850130694  0.46950939898282745  0.47575079592234643
  0.48168352629408590  0.48731098368473386  0.49286462737019771  0.49837367550994477
  0.50380040206704291  0.50917421462169721  0.51454172237587192  0.51979692619986051
  0.52502016900372850  0.53033940270122804  0.53591036549534043  0.54165190395505058
  0.54748776364535801  0.55330176718273694  0.55921587977408060  0.56525559847251583
  0.57143740990359848  0.57759334058345702  0.58361864989791512  0.58961989850367691
  0.59560171345631530  0.60166931701526127  0.60769892411285598  0.61380952414897694
  0.62030849954689726  0.62672880623489924  0.63315080969805881  0.63961879165849389
  0.64637519300404489  0.65306116977582318  0.65952842259531863  0.66604093992145275
  0.67285188814094266  0.68011746007772911  0.68771164676557039  0.69540692124222536
  0.70340780324902952  0.71154629818512971  0.72040769276922789  0.72959852653335200
  0.73924000949427915  0.74924712083546074  0.75976575758600784  0.77067628499349428
  0.78201607974533938  0.79421956824021234  0.80741205366890345  0.82211305293435577
  0.83900433610064562  0.86108537154038067  0.89706850978752728  1.00000000000000000
   6.0079740608384675       -1.0000000000000000     
 T T T F T F F F F T T T T T T F F T T T T T T F F F F T F T T T F F F F F F F F F F F F F F F F F F F F F F F F F F F F F F F F
  <DiscreteSampler_grid>
  grouped_processes
  1 # 1 for a reference and 2 for a running grid.
  10 # Attribute 'min_bin_probing_points' of the grid.
  1 # Attribute 'grid_mode' of the grid. 1=='default',2=='initialization'
  0.0000000000000000 # Attribute 'small_contrib_threshold' of the grid.
  0.5000000000000000 # Attribute 'damping_power' of the grid.
 # binID   n_entries weight   weight_sqr   abs_weight
    10   10   1.223311756172013E+007   4.067232776699653E+014   1.223311756172013E+007
    16   10   1.221190111208850E+007   4.065360991171314E+014   1.221190111208850E+007
    22   10   1.221190111208850E+007   4.065360991171317E+014   1.221190111208850E+007
  </DiscreteSampler_grid>
