  0.00001922730409191  0.00002035233092405  0.00002104925859980  0.00002154885347121
  0.00002199567583487  0.00002242031386571  0.00002285132863004  0.00002331174422649
  0.00002380749512550  0.00002431894802025  0.00002484154040673  0.00002537473786757
  0.00002589784975562  0.00002645625803525  0.00002700696500534  0.00002756669627114
  0.00002814751931116  0.00002873159145588  0.00002929272893567  0.00002982639453983
  0.00003036886475466  0.00003097482931062  0.00003163151391630  0.00003230935922789
  0.00003299287319478  0.00003368112571276  0.00003437377542542  0.00003509596574811
  0.00003584453152133  0.00003662989769845  0.00003744882364662  0.00003830454208458
  0.00003921612269519  0.00004016496351471  0.00004105902533190  0.00004188258780784
  0.00004270668326642  0.00004353506517281  0.00004445647688525  0.00004551006807556
  0.00004662290410523  0.00004768729484519  0.00004870378971943  0.00004972726017296
  0.00005082621794937  0.00005211445172392  0.00005347518101313  0.00005485366672254
  0.00005624228436777  0.00005762823541019  0.00005908441230012  0.00006060227051198
  0.00006218029790202  0.00006388732122545  0.00006581712361803  0.00006783569088096
  0.00006990014169946  0.00007194961862171  0.00007413039395585  0.00007645235549396
  0.00007893444909557  0.00008160573134243  0.00008438547836415  0.00008716340681445
  0.00009001803969111  0.00009304793054951  0.00009626049233608  0.00009964614635439
  0.00010314108343484  0.00010676212330053  0.00011081631627449  0.00011522575768093
  0.00011979211603670  0.00012497979632763  0.00013100849527052  0.00013712181852780
  0.00014414572287138  0.00015236871791461  0.00016156719832611  0.00017186388861556
  0.00018324639017876  0.00019576343839983  0.00020995846698018  0.00022586843571632
  0.00024455852830642  0.00026553978284148  0.00028932136674640  0.00031717206601310
  0.00035300722773894  0.00040145933589591  0.00047091581653026  0.00056872945203949
  0.00071191725137234  0.00100697550681730  0.02440606202058345  1.00000000000000000
 -0.00000622656267167  0.00015520633267554  0.00059272554730078  0.00139452920758327
  0.00254726822218500  0.00397636374164282  0.00589859417893848  0.00809361725401709
  0.01050457405973737  0.01328802582474040  0.01628173239541215  0.01948207104057590
  0.02290560936025740  0.02662245278514130  0.03088974795656154  0.03541558066354690
  0.03978219874274532  0.04421115271103909  0.04878969423688891  0.05362266651857182
  0.05838483168909257  0.06351406517840036  0.06912385791027625  0.07512575863661899
  0.08124717555249195  0.08753110181047220  0.09392299165165918  0.10069616370322114
  0.10784358222541304  0.11529737183930154  0.12342912342736541  0.13184311240019675
  0.13997886226610090  0.14794046501768143  0.15735817541568398  0.16710802856325099
  0.17716442165086946  0.18745198754918374  0.19742836547330442  0.20655570436036358
  0.21570799441117389  0.22507896281433634  0.23482647585939462  0.24537037555192781
  0.25672839644939699  0.26859915732278766  0.28082297544709167  0.29372169859492719
  0.30741201257180983  0.32091778453756359  0.33349816388803044  0.34649663023305216
  0.35963826348564021  0.37306981599420508  0.38701101721823428  0.40053351833530249
  0.41412572091781180  0.42792488467092238  0.44161910649204505  0.45536835464302894
  0.46968627815376940  0.48478076196189918  0.50002726620140203  0.51491153424734415
  0.52987083020791936  0.54519322247426405  0.56093347023642970  0.57692050105570236
  0.59235472184835269  0.60982286763018856  0.62785515948927517  0.64625075382178943
  0.66492713008634985  0.68371135356747026  0.70301110953739654  0.72171172875186729
  0.74003316410559461  0.75829369469994412  0.77687148390617633  0.79271580251292095
  0.80880430295823613  0.82454767874023449  0.83995754876998441  0.85502871519126222
  0.86926566263195781  0.88255161893429468  0.89530906778814523  0.90785851832250675
  0.92086818985998975  0.93376210441066032  0.94588537780410009  0.95721035583269809
  0.96846766195587208  0.97920107152284896  0.98969235495258867  1.00000000000000000
 -0.00226853586175754  0.01068589731125872  0.02085238998323592  0.03102754279360558
  0.04139726956455206  0.05179560445947213  0.06203450645631201  0.07463016118517936
  0.08680483072896110  0.09938112581122654  0.11221666879236245  0.12541094326721666
  0.13879298771356519  0.15198293182273578  0.16437359435458171  0.17578947995472269
  0.18679713657094879  0.19764494899497637  0.20868194490464639  0.21993937988870077
  0.23079449219187009  0.24195426000852566  0.25286341390735995  0.26356677348803459
  0.27389340388524208  0.28447436894791839  0.29584166490394420  0.30760911286930226
  0.31813271876565236  0.32748797077015396  0.33710417818728533  0.34737163436374369
  0.35781383000986222  0.36729554718747037  0.37671396934841528  0.38633626926358106
  0.39634929537166602  0.40680095147173095  0.41736798209660808  0.42800790004684608
  0.43809541671953994  0.44748782109028512  0.45684296305301986  0.46605739970096532
  0.47497563253509867  0.48415824978717892  0.49367500947224191  0.50303854214863075
  0.51266779223943171  0.52292696937007066  0.53356621138874361  0.54431232441557309
  0.55545990875735674  0.56752993856372103  0.57993855628273294  0.59135984270465225
  0.60152295854704785  0.61092427696242724  0.61973442648613897  0.62906607431477557
  0.63915942904504042  0.64955493112937313  0.65988329880636420  0.66992128161867537
  0.67963247947304073  0.68929694513543360  0.69921999482532804  0.71003154453488515
  0.72174738181098319  0.73409045052602484  0.74657179590752676  0.75845032480461694
  0.76958098753826909  0.78034323291201690  0.79107709146660898  0.80189445612947163
  0.81289245227143392  0.82348260408777096  0.83385130859904333  0.84470848754773631
  0.85564926982120493  0.86680891438960694  0.87763510704140291  0.88786685539335009
  0.89746920989530632  0.90704592116675264  0.91665771043180400  0.92564303953204585
  0.93462630780566225  0.94398443630390294  0.95322914832509409  0.96171426240333646
  0.96962242669734133  0.97807115754436735  0.98748465839741018  1.00000000000000000
  0.00047722158007526  0.01035818059335967  0.01866463195069744  0.02578911411795835
  0.03246626840180367  0.03863229663262759  0.04406561286640388  0.04919771659561802
  0.05435785233098085  0.05921812910662502  0.06448256112808791  0.07042459366053709
  0.07647369409180355  0.08241020761439900  0.08786031448590052  0.09305563091760592
  0.09796148561442483  0.10261959805203286  0.10727504532700947  0.11220856427828207
  0.11792436213577023  0.12411546281231925  0.12961300649531798  0.13451709401891365
  0.13923983269756277  0.14395494561197916  0.14908721865958363  0.15465605979695679
  0.16022801431654826  0.16575576889239302  0.17139641792238242  0.17697252210432235
  0.18225697071940283  0.18745520966830748  0.19309235814082884  0.19944986347819210
  0.20629951701570212  0.21378752708403989  0.22173428230884892  0.22961675798095244
  0.23711801705516800  0.24431730830715062  0.25109331708614474  0.25795636818147422
  0.26470752855999419  0.27235157717416486  0.27932671395129577  0.28664420489630615
  0.29398300899184371  0.30165985268161477  0.30923172624972334  0.31708421423532662
  0.32544556920131901  0.33474876825224031  0.34540636964606114  0.35710654007706188
  0.36890043861175437  0.38029718670125490  0.39176617298276528  0.40327989341561798
  0.41485675745838613  0.42637093617563593  0.43849344658586026  0.45196091291817342
  0.46635789063017297  0.48049592423804488  0.49438933704654381  0.50753441537915844
  0.52069630990508053  0.53309159959092767  0.54591991079044089  0.55885122123776110
  0.57182999845181826  0.58478589470661668  0.59794302675713273  0.61102283742036134
  0.62402575645916014  0.63725984296609794  0.65319381845904678  0.67019843945508462
  0.68578677376408503  0.70176757084331798  0.71900693755934075  0.73632747703658430
  0.75294213938644994  0.76900220424865739  0.78511974981831212  0.80286117711783045
  0.82187145309496989  0.84077108984653515  0.85982659214930102  0.87949643840680802
  0.90085512158419623  0.92447915412639670  0.95371656596916687  1.00000000000000000
 -0.00232027790971048  0.00990448376196312  0.01975920603808136  0.03024698321805668
  0.04041100618067112  0.05209690592896445  0.06433964348352367  0.07714555247315816
  0.08905506643546150  0.09928898822085389  0.10897616721471530  0.11873450847028971
  0.12852099573845419  0.13782180670496094  0.14794879019713136  0.15903454120427776
  0.17047116410350344  0.18206589635633499  0.19436386134971423  0.20647252978623773
  0.21769377620721383  0.22811716863261072  0.23921182823849926  0.25111318885404860
  0.26452072047912339  0.27684433060887464  0.28824606757168914  0.29938276980726442
  0.31011280575482075  0.32035581130298996  0.33046062442949031  0.34125284113377397
  0.35227716582164237  0.36313005108541702  0.37412185773267609  0.38498294351213680
  0.39469689251809320  0.40421653938105956  0.41402038889162524  0.42489239809540402
  0.43545536817389896  0.44665390874640587  0.45781499276343984  0.46799435378269599
  0.47806610232637597  0.48746817581617269  0.49674256483334794  0.50645174418905292
  0.51616911292977175  0.52563544119022731  0.53488158120797158  0.54461902066032675
  0.55695960385278476  0.56876305523966098  0.58086622696423396  0.59306818984514686
  0.60383735883168210  0.61293085648069867  0.62168319696653129  0.63077146897649905
  0.64025218832811992  0.64975423973502056  0.65992675072122842  0.67149666654335682
  0.68363332378544395  0.69457551353433522  0.70493213608470917  0.71493804161870744
  0.72521753731822758  0.73533902116138661  0.74551502553994253  0.75539325022083392
  0.76527385598223052  0.77466887037181853  0.78430509634007795  0.79374004926041775
  0.80350420642108400  0.81288335983619864  0.82180038671310451  0.83089441192804780
  0.84001004023669623  0.85047688900517293  0.86094855042342744  0.87172058547056364
  0.88490755637970153  0.89937782654344145  0.91116409270220544  0.92169161178871417
  0.93155785088200582  0.94128873052720841  0.95079067856480526  0.96082835643653031
  0.97114676753554230  0.98094460229593772  0.99050294875284850  1.00000000000000000
  0.09022561455310332  0.10261119293697400  0.10969036029549246  0.11631434894100007
  0.13444578454771036  0.14505219631242386  0.15486448190295379  0.16562328157456438
  0.17566734042794468  0.18536812635643840  0.20427065554237639  0.21677201014601463
  0.22676986676164013  0.23647299471479699  0.24543246429479637  0.25343760952698663
  0.26192878223789839  0.27071523147331950  0.27937211036045162  0.28795062448407277
  0.29623472428414227  0.30500774218444282  0.31403098531233342  0.32271464776286407
  0.33067183472648559  0.33811347711997614  0.34581491118136426  0.35434198066016720
  0.36322094234014340  0.37165794329837093  0.37910598105399668  0.38569829090601426
  0.39202918304843765  0.39787598295034293  0.40386536465509515  0.40965763285889395
  0.41523505991694037  0.42091388140562802  0.42682046653620598  0.43298734660253785
  0.43926770323959802  0.44550107951666418  0.45173577365651685  0.45820723122458945
  0.46529481991451610  0.47329539121187869  0.48176164578185798  0.48967916555724278
  0.49722999755204977  0.50457157120758100  0.51223361584248883  0.51966333411673837
  0.52752768013531148  0.53530295961246399  0.54349664336496351  0.55252741286629903
  0.56217774620996441  0.57140741621995783  0.58070831091587238  0.58969146553216834
  0.59840891026905307  0.60689665024528194  0.61485504774473387  0.62321583219040932
  0.63175208867892296  0.64035046180734745  0.64875914685838365  0.65694954676971340
  0.66557455450066560  0.67484535055900308  0.68455164630099807  0.69487937971981817
  0.70567271328432990  0.71700038620513673  0.72869645725709886  0.74040205779508894
  0.75193343006256375  0.76305683396873647  0.77343543259912617  0.78341671115979505
  0.79349716770977996  0.80396479406115839  0.81484543674755483  0.82612430063268494
  0.83848005659903202  0.85145308907454387  0.86538184040272936  0.87941266836362442
  0.89357485279665894  0.90671180542330221  0.91996721845865737  0.93350812180385778
  0.94694943086628891  0.96080770060949650  0.97820225915322812  1.00000000000000000
 -0.00903445184987246  0.05305896151986875  0.07602610685539209  0.09171787229302876
  0.10506383145488535  0.11683423043692617  0.12694522924642335  0.13616566178169176
  0.14464031974504551  0.15202135885866302  0.15939106080127774  0.16644595631149328
  0.17346277687540684  0.18049694047092377  0.18717115639467413  0.19392879997208545
  0.20065249707571930  0.20721477778597247  0.21351706766495951  0.21947671208152664
  0.22533494009615598  0.23089998859163183  0.23656199110129436  0.24228817922261503
  0.24815801642715726  0.25420625651560941  0.26031417554752040  0.26619803618129279
  0.27169271657108601  0.27761765457754667  0.28324359769190466  0.28884665546176364
  0.29463894670955532  0.30043734351864432  0.30634901043853385  0.31256956002266290
  0.31840734302503759  0.32401097948244240  0.32983253263328266  0.33576870941782755
  0.34194427792159537  0.34828267411556868  0.35456127378082797  0.36077418842560655
  0.36695561184446518  0.37298568920567904  0.37889256700315371  0.38486447763582698
  0.39091193501158017  0.39717992623916171  0.40386808731517571  0.41097730241682939
  0.41817509778720474  0.42516887938533182  0.43204427902692849  0.43952616344012529
  0.44704929825921463  0.45396323208274425  0.46029854659247221  0.46617893900313034
  0.47240456657377583  0.47930541498063756  0.48613788159761384  0.49316830784925308
  0.50046399183394508  0.50767705869934465  0.51428820274650511  0.52101644978636208
  0.52870422584074728  0.53744667379220701  0.54616535529342269  0.55473131191996128
  0.56376994934800095  0.57300540821222667  0.58214669468146640  0.59172229497527218
  0.60194227620706109  0.61314097179154436  0.62453540217858639  0.63583724836111655
  0.64667698469634027  0.65721592499976034  0.66750873557666546  0.67827406627066245
  0.68922299119007380  0.70075330613223885  0.71256877983655420  0.72547889791328879
  0.74011460186184674  0.75548881084351294  0.77161714406044102  0.78974800015983371
  0.81066567261199474  0.83738540282568497  0.87607572884592066  1.00000000000000000
   4.4534229003332738E-002  -1.0000000000000000     
 F T F T F T F F T F T F T F F F F F F T F T F T F F T F T F T F F T F T F T F F T F T F T F F F F F F T F T F T F F T F T F T F
  <DiscreteSampler_grid>
  grouped_processes
  1 # 1 for a reference and 2 for a running grid.
  10 # Attribute 'min_bin_probing_points' of the grid.
  1 # Attribute 'grid_mode' of the grid. 1=='default',2=='initialization'
  0.0000000000000000 # Attribute 'small_contrib_threshold' of the grid.
  0.5000000000000000 # Attribute 'damping_power' of the grid.
 # binID   n_entries weight   weight_sqr   abs_weight
    13   10   1.765277371392716E+006   8.996677628468400E+012   1.765277371392716E+006
    14   10   1.765277371392716E+006   8.996677628468400E+012   1.765277371392716E+006
    16   10   1.765267600879202E+006   8.996677535868559E+012   1.765267600879202E+006
    17   10   1.765277371392716E+006   8.996677628468400E+012   1.765277371392716E+006
  </DiscreteSampler_grid>
