  0.00001842346986319  0.00001901511536231  0.00001979171666927  0.00002066044785176
  0.00002154120680319  0.00002243874940291  0.00002334593451579  0.00002424554183375
  0.00002517848536664  0.00002611795306668  0.00002705459811095  0.00002804016898395
  0.00002907982892821  0.00003013906465733  0.00003126075828106  0.00003245089397812
  0.00003365382934607  0.00003504082445812  0.00003651480958362  0.00003797789652279
  0.00003942401838400  0.00004090042913179  0.00004245208955617  0.00004402518153986
  0.00004561710383512  0.00004722944653795  0.00004888202536132  0.00005060337416759
  0.00005240726984075  0.00005431852829270  0.00005620039042405  0.00005823743904108
  0.00006041586213092  0.00006237990062961  0.00006374943694225  0.00006492854959369
  0.00006617547789495  0.00006749586468031  0.00006883616542584  0.00007019094151571
  0.00007149952824098  0.00007337082723884  0.00007590707640917  0.00007857935446173
  0.00008122959528827  0.00008394332558270  0.00008677083607319  0.00008973176867750
  0.00009276000988540  0.00009592434771266  0.00009927925183574  0.00010275652938175
  0.00010632907828842  0.00011003829331103  0.00011394624443807  0.00011809286425736
  0.00012271996632200  0.00012796738605938  0.00013327147320701  0.00013834433094928
  0.00014367931298078  0.00014942879855023  0.00015537387503787  0.00016188933176256
  0.00016863443988581  0.00017538697712511  0.00018270269464082  0.00019067448064525
  0.00019898781539298  0.00020822268417666  0.00021836576581150  0.00022890739818702
  0.00024036466573089  0.00025315725847606  0.00026641039692266  0.00028119841296541
  0.00029749576126433  0.00031656601231061  0.00033771215174213  0.00036049950888274
  0.00038474845762889  0.00041235004418741  0.00044394466290937  0.00048055876072869
  0.00052151723043016  0.00056483082420847  0.00061241983345158  0.00066988951145657
  0.00074239479632409  0.00083828226442576  0.00097886037664809  0.00116184794973546
  0.00146195485885126  0.00189112077566474  0.01579564198459130  1.00000000000000000
 -0.00000652388474414  0.00015501382435716  0.00061596132560063  0.00144138480655286
  0.00265594780778018  0.00410478590282786  0.00591376917019724  0.00790775444023668
  0.01007641920297453  0.01250890773451678  0.01535268206732985  0.01839965801681855
  0.02188796465679019  0.02571908076257235  0.03003776570669099  0.03456764183467163
  0.03924142954388591  0.04403130543332085  0.04896286300455344  0.05375277041470017
  0.05829055077638241  0.06293358368787032  0.06771154445118381  0.07280797383901752
  0.07792116900321934  0.08333712179259085  0.08941384682910011  0.09590766328676975
  0.10255410616162380  0.10959373413649859  0.11628502882099709  0.12339083776536564
  0.13071377720085681  0.13830108733275479  0.14614285877682889  0.15401527640117832
  0.16111247093511297  0.16840766434193907  0.17587274839293940  0.18360569486599262
  0.19161898984678713  0.19983905397985682  0.20817376713840774  0.21673980441100799
  0.22588137439979844  0.23593946444483394  0.24613590311180930  0.25719077771589105
  0.26864411109588393  0.28004702257444669  0.29194651144680100  0.30472409244382337
  0.31744578019230202  0.33084132972833119  0.34438345641930440  0.35770664036205968
  0.37082394743602282  0.38390214458845801  0.39706474377202927  0.41017290851218691
  0.42309771468671198  0.43651767443238160  0.45009284193184740  0.46394641553862837
  0.47797161615726980  0.49189526553352192  0.50567891784230590  0.51983461060777691
  0.53058210875748424  0.53960792717626649  0.54872898978246620  0.55802938941437508
  0.56733700192333036  0.57668839918135895  0.58591241423455187  0.59576752793450283
  0.61125857872235245  0.62899240752434682  0.64765376147132414  0.66607847977347023
  0.68481909686602427  0.70395305913136397  0.72346991725334997  0.74328235559677469
  0.76238566378268191  0.78300841162060142  0.80389674248432452  0.82523125687070564
  0.84691659113475459  0.86831350148889896  0.88975292653973914  0.91129932117780732
  0.93264518380448602  0.95433712860596820  0.97677853487116906  1.00000000000000000
 -0.00309319887905222  0.01167459484579139  0.02316627381221747  0.03353479409596338
  0.04397282661652863  0.05483729226309916  0.06572238857716363  0.07665025494991923
  0.08748066998246906  0.09791646054587620  0.10868232751674958  0.11960074886246354
  0.13002812977987996  0.14009923753730491  0.15103682950646885  0.16258955290422650
  0.17307304508488985  0.18304439398092084  0.19348236565568228  0.20414225959820514
  0.21475866477996630  0.22520130561066190  0.23662943504060091  0.24744341004662368
  0.25854193732612868  0.26946954502065196  0.28083772702582810  0.29203004307969443
  0.30301632880861018  0.31367276309108522  0.32418007995316600  0.33472310329495819
  0.34611873931572229  0.35760178984864327  0.36915572007459391  0.38145347106235544
  0.39397840364083253  0.40560670749196087  0.41689535578457104  0.42855538208037214
  0.44025720031801496  0.45177007708391670  0.46285462690593809  0.47377430428106937
  0.48490255236432145  0.49601254372168807  0.50715137475786787  0.51887839610814146
  0.53014225072584353  0.54155960252673463  0.55286375574230107  0.56401302606248271
  0.57456380714128630  0.58600759548600345  0.59823820031484243  0.61005939334430404
  0.62155201895266754  0.63233265268580763  0.64268789512576663  0.65330067082721432
  0.66008313642480132  0.66501677632028833  0.66997762289746110  0.67492432496552512
  0.67964210427245630  0.68403257075045965  0.69186283699642936  0.70314153223336107
  0.71445566125723126  0.72551801423645335  0.73628623654065439  0.74688642646533621
  0.75836809749367917  0.76884271112069080  0.77960627704859753  0.79013774678554616
  0.80189032251608605  0.81358417053547261  0.82461756962830401  0.83514249140427832
  0.84564275712927550  0.85595898907637302  0.86600032952491135  0.87651414839405350
  0.88748777112271837  0.89826278186982045  0.90868666268052578  0.91928739656488589
  0.93099959021563139  0.94291849746215584  0.95356355655523983  0.96334386691963902
  0.97244402914382022  0.98162670562119969  0.99073473890948749  1.00000000000000000
 -0.00040896596778055  0.07235345959223412  0.10710616829671900  0.13686802798583050
  0.16203779150422998  0.18477042702842233  0.20523583539650170  0.22485696574895847
  0.24406465044803408  0.26345010303561867  0.28179285650727043  0.29986481721180158
  0.31753266026349469  0.33384329942889129  0.35022505747789101  0.36658167374631306
  0.38272906746953506  0.39864397022539033  0.41389135840260227  0.42783918901024348
  0.44117555252479029  0.45473912755088641  0.46791123526260320  0.48082051928005087
  0.49380602879303964  0.50664451484507578  0.51915104567147918  0.53139645087779008
  0.54328618982344523  0.55488598892733743  0.56634585036513418  0.57783414327501137
  0.58910759270893476  0.59987258822602496  0.60959236430550412  0.61894951040106749
  0.62850595304192236  0.63875899264497360  0.64915009284077985  0.65376811056523243
  0.65822595350024626  0.66266600677944909  0.66710833943502845  0.67157018411943192
  0.67596605280247624  0.68262109946161775  0.69036211520872603  0.69707720371971804
  0.70377053309427129  0.71103594181214591  0.71871091596509973  0.72631596673088417
  0.73368915211235874  0.74093376617450246  0.74815012203546394  0.75568586339355404
  0.76373538367065286  0.77125991160506324  0.77756826664399825  0.78403757012903341
  0.79073517616036115  0.79733043648051971  0.80392150595925971  0.81032531137177766
  0.81645609619259552  0.82249450973725391  0.82846655283020298  0.83422133422147104
  0.83958430520478644  0.84475621080600194  0.84973859444789812  0.85482630429704309
  0.86007821755805747  0.86517126995440985  0.87022934526848206  0.87513154238177504
  0.88003962656335322  0.88512186327548081  0.89018136065102704  0.89544713573779267
  0.90088313306678458  0.90638589925693525  0.91191198683492447  0.91723913902708565
  0.92233342346158975  0.92717964649558304  0.93189116326730126  0.93651170109687376
  0.94133032994748445  0.94642862786227133  0.95144369793721528  0.95691673516835696
  0.96288457942861239  0.96893801778617517  0.97539135188878157  1.00000000000000000
 -0.00212536164695432  0.00892727422618141  0.01816795722916884  0.02813626021586578
  0.03846991113791527  0.04864259950647103  0.05826776728690173  0.06828563727773097
  0.07904071622514727  0.08994504279429037  0.10163764396916163  0.11362281175711987
  0.12517328174652292  0.13623194614295236  0.14724115550956429  0.15829280964508638
  0.16855836309764036  0.17777236382063630  0.18706592882723236  0.19690543244278758
  0.20713889367681443  0.21769157236881939  0.22809396944665983  0.23888676157116456
  0.24979345560502381  0.26090150513031901  0.27183603068580858  0.28235495551653061
  0.29285474983638832  0.30394950128044734  0.31497245658829387  0.32631756347052082
  0.33732907757481878  0.34800778067779720  0.35812779650375781  0.36796371201833422
  0.37856609650676271  0.38967290460297277  0.40085341245876999  0.41149835851400890
  0.42224437448815794  0.43290571972476943  0.44372583030357848  0.45453464187536441
  0.46593829083260574  0.47727865870349317  0.48840086234692415  0.49956967631707239
  0.51117210246759315  0.52294828533091864  0.53440060865150341  0.54475947874481223
  0.55444721847319833  0.56446048167250029  0.57511876426393349  0.58626062369030818
  0.59727432179858875  0.60825955252853270  0.62051053364662145  0.63280708241666050
  0.64538282928104773  0.65686711727841463  0.66792874235443589  0.67850930520825525
  0.68911382412204847  0.69986872370773923  0.71112158933143177  0.72224937982307025
  0.73315305827241284  0.74438081774577114  0.75519432893573846  0.76597868488928600
  0.77748949925085953  0.78900481979661286  0.79963082817626996  0.80971745375192694
  0.81931746874977629  0.82914142040650796  0.83919150192447844  0.84916609407486998
  0.85903345072368831  0.86847521018759488  0.87872968550299491  0.88951776319341858
  0.90069275066602872  0.91161834759281779  0.92399523951746598  0.93290384845509566
  0.93961063726323801  0.94656806120419712  0.95374400158500616  0.96106674216928079
  0.96862478533199137  0.97607696200366301  0.98420276304409771  1.00000000000000000
  0.10400358154981636  0.10623864236654965  0.10893613581907297  0.11173692205315640
  0.11456160610002293  0.11734262350436685  0.12030482020521820  0.12276196282417741
  0.12486189498055668  0.12690612545731259  0.12868631529573249  0.13104392093493622
  0.14787402811193695  0.15674538500674406  0.16588401080482809  0.17494827352678169
  0.18323681179990967  0.19273738759526254  0.20380447080162420  0.21384075523375246
  0.22323666187883065  0.23153803853927993  0.23842647336290160  0.24521522951862895
  0.25222139620672496  0.25826982385755654  0.26472516563491783  0.27066098834454666
  0.27646891044481126  0.28243376384230989  0.28907261243706350  0.29567997438413895
  0.30267552750601417  0.30952325358622607  0.31745421390529255  0.32639963720244314
  0.33498268964489109  0.34235492980398663  0.34928445239484202  0.35651319042945662
  0.36403074466899737  0.37187430422626333  0.37915317670509879  0.38639174988577046
  0.39368060232502317  0.40095965144958334  0.40835281760457637  0.41561922331809792
  0.42312872968568882  0.43079093750315223  0.43879034421998075  0.44685215766184366
  0.45484905413073973  0.46326398845842925  0.47242578749971142  0.48124607401906599
  0.48979553525402236  0.49833313605014196  0.50689026933519465  0.51541223475145315
  0.52368709386605139  0.53173873771304558  0.54006982375622492  0.54901409694782721
  0.55841148439276223  0.56817358611882041  0.57834488107318061  0.58843928082513541
  0.59847772988914427  0.60882325392529368  0.61985430228016425  0.63092505183824221
  0.64225009756704865  0.65420226538364878  0.66630826849453384  0.67790276115964154
  0.68943788801311257  0.70176081932557810  0.71492443124650440  0.72804221769513455
  0.74132623809959552  0.75443685301050034  0.76746063384633090  0.78029244524225427
  0.79342941257275235  0.80726993838457972  0.82214265742028270  0.83826671898802685
  0.85539516527919102  0.87306972772232616  0.89198372021540495  0.91239830130139132
  0.93412512892163246  0.95530718328872199  0.97630091800537777  1.00000000000000000
 -0.00903419622816571  0.05062781181479503  0.07789690951811379  0.09596764653916497
  0.10934196070395477  0.12082928296034248  0.13012031460009812  0.13917489400113628
  0.14738703940314135  0.15520350520205484  0.16295118059762936  0.16991428958630331
  0.17631241042473675  0.18254782893193663  0.18887270719577307  0.19541757390655520
  0.20212565295960686  0.20870789186371533  0.21514975887625193  0.22138221847727751
  0.22747087984024625  0.23346262713455693  0.23952888886060503  0.24578854844602102
  0.25197672333510873  0.25790624698263170  0.26394410137819968  0.27000233096685572
  0.27574865235798474  0.28136490558845956  0.28718328262163628  0.29145507398018833
  0.29444551143612796  0.29732606909877835  0.30030554343860216  0.30331833615803749
  0.30631592555572063  0.30927235841640249  0.31243649511674260  0.31802624612248331
  0.32395562645377035  0.32984055065501394  0.33578051164462436  0.34169127471336103
  0.34763996292037075  0.35354386375979868  0.35939053284238803  0.36532929293719851
  0.37144937479041612  0.37761560767153113  0.38376252404955985  0.38984334792377573
  0.39606952113797989  0.40251472870564903  0.40901107766658096  0.41558176276771691
  0.42279734614130227  0.43005159235206736  0.43769424118340416  0.44587098420689181
  0.45419079870338303  0.46210162771539193  0.46961907635227945  0.47760210795273850
  0.48520083766267080  0.49303933210162465  0.50110963796744901  0.50852356774114182
  0.51619937272079686  0.52411023993560935  0.53188477728350214  0.53944889464978996
  0.54727252826810058  0.55568914940141623  0.56458496532585856  0.57393602904441698
  0.58370763341919318  0.59444646582707827  0.60484924278186658  0.61456901585974932
  0.62442400551072652  0.63658705353540368  0.64861038305887431  0.66010148511742184
  0.67161789111021075  0.68371040377504999  0.69667605339792593  0.71096298803014313
  0.72814503201471459  0.74631182257747519  0.76657617216679563  0.78844825794786100
  0.81291263613830456  0.84014964639517353  0.88049189481334056  1.00000000000000000
   4.9608524170931478E-002  -1.0000000000000000     
 F T F T F T F F T F T F T F F F F F F T F T F T F F T F T F T F F T F T F T F F T F T F T F F F F F F T F T F T F F T F T F T F
  <DiscreteSampler_grid>
  grouped_processes
  1 # 1 for a reference and 2 for a running grid.
  10 # Attribute 'min_bin_probing_points' of the grid.
  1 # Attribute 'grid_mode' of the grid. 1=='default',2=='initialization'
  0.0000000000000000 # Attribute 'small_contrib_threshold' of the grid.
  0.5000000000000000 # Attribute 'damping_power' of the grid.
 # binID   n_entries weight   weight_sqr   abs_weight
    13   10   9.265348947829315E+005   3.728679048223092E+012   9.265348947829315E+005
    14   10   9.265348947829322E+005   3.728679048223100E+012   9.265348947829322E+005
    16   10   9.265348947829318E+005   3.728679048223096E+012   9.265348947829318E+005
    17   10   9.265348947829325E+005   3.728679048223102E+012   9.265348947829325E+005
    22   10   9.259676226244869E+005   3.728499488490874E+012   9.259676226244869E+005
    23   10   9.265348947829322E+005   3.728679048223100E+012   9.265348947829322E+005
    25   10   9.259676226244870E+005   3.728499488490876E+012   9.259676226244870E+005
    26   10   9.259676226244878E+005   3.728499488490883E+012   9.259676226244878E+005
  </DiscreteSampler_grid>
