  0.00005131396462792  0.00005146530939437  0.00005180540081771  0.00005233014073304
  0.00005290871407999  0.00005346779951417  0.00005401153778583  0.00005455528527000
  0.00005510916677399  0.00005567409346827  0.00005624156494900  0.00005679994195614
  0.00005738453077476  0.00005799307910610  0.00005863026407622  0.00005929246799917
  0.00005997219284764  0.00006066857371663  0.00006137995776152  0.00006210540149249
  0.00006284037918430  0.00006358812832098  0.00006434837079375  0.00006514010899936
  0.00006599959624271  0.00006696194438437  0.00006794988193842  0.00006893598801968
  0.00006993256163587  0.00007094300952484  0.00007197141690015  0.00007301579753741
  0.00007411688359926  0.00007541585174666  0.00007672945844191  0.00007806532395771
  0.00007942610813014  0.00008081941358614  0.00008222181315636  0.00008367273872739
  0.00008523701933482  0.00008690564605874  0.00008861127586158  0.00009035967292723
  0.00009217873316305  0.00009404195945279  0.00009600768395177  0.00009814789733752
  0.00010039492355045  0.00010268549105234  0.00010503494300517  0.00010747601645573
  0.00011003945921757  0.00011291208102392  0.00011582077313954  0.00011882249509933
  0.00012197398098713  0.00012530901184605  0.00012889526236247  0.00013258561434652
  0.00013628872435854  0.00014034776162326  0.00014484062380237  0.00014958889413152
  0.00015450804968414  0.00015972337346669  0.00016543231973502  0.00017152723478100
  0.00017778680224432  0.00018492252182140  0.00019278440342541  0.00020081740515411
  0.00020963591750584  0.00021905342411959  0.00022891262510033  0.00023979169332027
  0.00025150702194977  0.00026384352121066  0.00027764848974160  0.00029231119360147
  0.00030866011259912  0.00032671921121508  0.00034777326182373  0.00037237394193015
  0.00040081263645585  0.00043548713927859  0.00047894313141291  0.00053141066803137
  0.00059420648822299  0.00067389097188786  0.00078081130667526  0.00093671567480969
  0.00121274949873799  0.00173407268589916  0.01277992847269555  1.00000000000000000
 -0.00260076045756167  0.00998120552544714  0.02098150658513271  0.03201744410883746
  0.04324695176659298  0.05418070121352649  0.06487858452265517  0.07502002007106426
  0.08526636458504266  0.09590557696758288  0.10686726564343756  0.11776856107146767
  0.12837103112730960  0.13925041832554905  0.15017731666717493  0.16095578108475375
  0.17146016948967474  0.18191174488907683  0.19260641785496818  0.20367362065458861
  0.21428553694594549  0.22514407625843136  0.23572330012340154  0.24623443446830598
  0.25635693019337003  0.26631972270442500  0.27607912578780175  0.28571617485570722
  0.29545459180250261  0.30543810842174918  0.31549193432998035  0.32554026977777323
  0.33565987842934497  0.34619690058428343  0.35665485401816999  0.36724576402603987
  0.37775865450630663  0.38827054080066314  0.39876114015735864  0.40915829608161119
  0.41956702627134734  0.42954228733998695  0.43955232415452866  0.44958537633247136
  0.45972211254221063  0.46955172862827438  0.47984130322678226  0.49057308113489112
  0.50107050976743095  0.51114366719343940  0.52126374104454121  0.53214115284167018
  0.54312537542833084  0.55380776770588402  0.56423158683453056  0.57450872873335657
  0.58461284614384623  0.59470920474229072  0.60519612396688371  0.61607553782465985
  0.62717447228243750  0.63820138281207439  0.64889531404228329  0.65921272110795670
  0.66937543060071736  0.67947355840293877  0.68986932724049799  0.70037662458795213
  0.71092280988167500  0.72118770785116448  0.73146575766955890  0.74216554793462375
  0.75285250222714661  0.76370470148742620  0.77442895535124379  0.78493500536306460
  0.79526359928556234  0.80550803593334153  0.81591078085822499  0.82659118849810986
  0.83764264646791653  0.84893608293335232  0.85978951828038841  0.87036606662760896
  0.88111079753981636  0.89182946393750628  0.90241867776447915  0.91264367724999340
  0.92319123081116305  0.93398146380297664  0.94466958371966214  0.95532226911164009
  0.96644741153346936  0.97778774768298227  0.98890532964965927  1.00000000000000000
  0.01007560793386457  0.01952290958779539  0.03153558653204211  0.04549877320188245
  0.05974776561577775  0.07431661945908784  0.08875778757680776  0.10294353258701902
  0.11686752861699527  0.13073823888229746  0.14474526533901227  0.15884949408045729
  0.17277832200601256  0.18646497902590298  0.19981160798376771  0.21322709164121792
  0.22670284563479765  0.23988510719422093  0.25296083977348804  0.26577434129036070
  0.27852363787778767  0.29133802187747804  0.30455084397721804  0.31788826425158562
  0.33121701613370108  0.34431801241605620  0.35714217246373642  0.36980783439674242
  0.38228237901117118  0.39457094692886219  0.40663265570925489  0.41852452175790367
  0.43034409270993873  0.44220033010103410  0.45402077781091604  0.46550287849139588
  0.47667354569123987  0.48773640131076140  0.49896357418853599  0.51015896228755253
  0.52130532970051446  0.53256656605083208  0.54386871409296977  0.55510157159005902
  0.56601644479450663  0.57667683574482620  0.58727787453133895  0.59784351686616999
  0.60823750581086988  0.61838333693435832  0.62842082272051125  0.63841403417751752
  0.64828669081605639  0.65793869132987315  0.66751426276505099  0.67713045328927668
  0.68674232162972693  0.69639777240904643  0.70623383819251717  0.71610819819417659
  0.72596272145597995  0.73577650256432903  0.74556768654439265  0.75533965125310321
  0.76506100066323890  0.77458786777158584  0.78396195388070267  0.79341820254209439
  0.80217207944256819  0.81099588745521511  0.81942303702271035  0.82753949400214211
  0.83551177223048179  0.84317157694667688  0.85100958361489876  0.85864913428764755
  0.86622800600417360  0.87363465269799934  0.88094246217683747  0.88813887464364460
  0.89520618769951754  0.90219468183059670  0.90907256781161672  0.91590273623839591
  0.92264044196256900  0.92927639573432264  0.93596941511052212  0.94264066526510104
  0.94942081510592047  0.95627617523785935  0.96315685938527651  0.96994012360497495
  0.97655142031504538  0.98328567727124305  0.99121275266864717  1.00000000000000000
 -0.00840474582788464  0.05261021268717307  0.07662858385802181  0.09243880374748746
  0.10489817171952544  0.11544497818096899  0.12497104062541151  0.13362199256916560
  0.14180799043906889  0.14947303455429517  0.15679777233103015  0.16383437683711846
  0.17064879751157400  0.17731918479363215  0.18394361841313014  0.19034626147617265
  0.19649993250121137  0.20258358601464968  0.20852358187769801  0.21422156947196455
  0.21980658891095567  0.22536248013866234  0.23088933176854506  0.23633006479777502
  0.24177405396687610  0.24710952995080399  0.25256361071406597  0.25814025306331240
  0.26362005923686721  0.26898385709686123  0.27444678204709144  0.28006334112107495
  0.28571786727585591  0.29135812280126955  0.29712382957898548  0.30305145487877438
  0.30905289896022969  0.31511117648202597  0.32118473326202479  0.32720777234171838
  0.33323786762499824  0.33913606634422788  0.34513469073646857  0.35112202688082578
  0.35713226916411683  0.36313081297583932  0.36915485342686805  0.37527518147815953
  0.38153379778739971  0.38794210563236486  0.39443781583314602  0.40093792017107022
  0.40753742417048355  0.41407213349756894  0.42055614142991671  0.42711745804036860
  0.43377131075604580  0.44053248973535819  0.44735212974487293  0.45416117742809337
  0.46102684992256976  0.46792820782059502  0.47485097003628807  0.48192237218004480
  0.48922345642573445  0.49673196847247658  0.50440446014954932  0.51221532201555886
  0.52020161371971951  0.52832939707830406  0.53648841292628624  0.54461769556525341
  0.55292282664292647  0.56156326987731264  0.57064333562055747  0.57990674561569766
  0.58926149397683736  0.59884076001647468  0.60883954156035414  0.61941594386360666
  0.63012660115430053  0.64100021861517653  0.65222698287469327  0.66365239384581942
  0.67551572180172603  0.68784763958594886  0.70074963435895521  0.71486672036567145
  0.73063251165671517  0.74767626080780769  0.76607740889108489  0.78618867508068080
  0.80889187564924070  0.83690834684886295  0.88045692463170122  1.00000000000000000
   70.958075739044190       -1.0000000000000000     
 F T F F T F F F F F F T F F T F F T F F T F F F F F F T F F T F
  <DiscreteSampler_grid>
  grouped_processes
  1 # 1 for a reference and 2 for a running grid.
  10 # Attribute 'min_bin_probing_points' of the grid.
  1 # Attribute 'grid_mode' of the grid. 1=='default',2=='initialization'
  0.0000000000000000 # Attribute 'small_contrib_threshold' of the grid.
  0.5000000000000000 # Attribute 'damping_power' of the grid.
 # binID   n_entries weight   weight_sqr   abs_weight
    13   10   3.992000696195187E+012   1.579976392019990E+026   3.992000696195187E+012
    14   10   3.992000696195190E+012   1.579976392019994E+026   3.992000696195190E+012
    16   10   3.992000696195186E+012   1.579976392019990E+026   3.992000696195186E+012
    17   10   3.992000696195191E+012   1.579976392019994E+026   3.992000696195191E+012
  </DiscreteSampler_grid>
