  0.00002195464828867  0.00002209608081543  0.00002222075367153  0.00002235169170507
  0.00002253254190847  0.00002274433772981  0.00002295325535234  0.00002315032701036
  0.00002334338335410  0.00002353604757981  0.00002373281388724  0.00002403804077547
  0.00002437070163063  0.00002473595966246  0.00002514046487461  0.00002559881860094
  0.00002607914660185  0.00002661552058433  0.00002713422659883  0.00002756126067197
  0.00002801810263970  0.00002846896480021  0.00002892351059644  0.00002941813502057
  0.00002990236890249  0.00003040148896182  0.00003094840105573  0.00003152236864445
  0.00003202785203650  0.00003242197178118  0.00003281329856679  0.00003320415134872
  0.00003359923113294  0.00003398791872243  0.00003445503189590  0.00003504640894504
  0.00003570250469287  0.00003639946884230  0.00003715437646172  0.00003797496449790
  0.00003885205228506  0.00003982718817058  0.00004101290163153  0.00004215469583324
  0.00004329714006148  0.00004455383445408  0.00004593570723746  0.00004737928456454
  0.00004877239987159  0.00005015100327823  0.00005176943909579  0.00005357648206765
  0.00005550790594893  0.00005751232176853  0.00005949334559061  0.00006157692385061
  0.00006352859893488  0.00006575781719858  0.00006821311680438  0.00007091280524605
  0.00007379394881064  0.00007665133801912  0.00007958296978725  0.00008241087084986
  0.00008589119547400  0.00008992785344224  0.00009431616748881  0.00009924248969692
  0.00010417655173842  0.00010917420542454  0.00011442502450437  0.00011972603518668
  0.00012706862997910  0.00013519554652348  0.00014412695135939  0.00015388451569965
  0.00016588906109581  0.00017932065509740  0.00019302424761409  0.00020758768392250
  0.00022486404071379  0.00024821148782078  0.00027643495781565  0.00031001443188340
  0.00035207918413657  0.00040817977789306  0.00048114443803077  0.00056292718487796
  0.00066122021511695  0.00079136501571460  0.00098612812413413  0.00122093939785642
  0.00148571498966515  0.00185431038103676  0.00488235703616166  1.00000000000000000
  0.00001886119371557  0.00001927594036019  0.00001973219658636  0.00002019062461261
  0.00002064736002852  0.00002112487511826  0.00002163632584421  0.00002214943013425
  0.00002263408447723  0.00002312537112886  0.00002362816129050  0.00002413065726923
  0.00002464405525947  0.00002514853632974  0.00002565549137166  0.00002615822247977
  0.00002676476204130  0.00002753757830170  0.00002829496414781  0.00002903102913356
  0.00002975979028266  0.00003048466605682  0.00003120458016676  0.00003198082478153
  0.00003274318606114  0.00003350701049978  0.00003430704043927  0.00003524147579281
  0.00003611475367330  0.00003693402852635  0.00003771155768702  0.00003842133054925
  0.00003909003483680  0.00003989184347422  0.00004084161244855  0.00004182156303081
  0.00004292358962344  0.00004417743739502  0.00004542565233990  0.00004686842975291
  0.00004836503377316  0.00004996663203415  0.00005172453630965  0.00005363129097283
  0.00005555225258712  0.00005756370241376  0.00005982191741535  0.00006214274949654
  0.00006452342862757  0.00006715385189647  0.00006994044214524  0.00007236235477503
  0.00007478900631624  0.00007740109547625  0.00008008292877689  0.00008350454959633
  0.00008761875456534  0.00009166690009742  0.00009553503262428  0.00009961576529551
  0.00010414519477685  0.00010911121557707  0.00011417943044340  0.00011921252334702
  0.00012412302326603  0.00013008072220531  0.00013628149846332  0.00014263546575326
  0.00014955830890319  0.00015627599783514  0.00016421576652019  0.00017291753445239
  0.00018371592341837  0.00019599157963699  0.00020956272696988  0.00022501141914409
  0.00024235748703316  0.00026238049493453  0.00028746089003953  0.00031044860304169
  0.00034012093962025  0.00037278848028557  0.00041154850988996  0.00045442541556204
  0.00050477235897553  0.00055978800566282  0.00061504978349783  0.00066105224155062
  0.00070415452376506  0.00076989738442817  0.00086179481613957  0.00099622207600641
  0.00119187470040560  0.00151536290023309  0.00896763396151504  1.00000000000000000
 -0.00297808490423210  0.01230607674291248  0.02537383418183287  0.03898732751693355
  0.05200362323183420  0.06470524082926023  0.07719906819786537  0.08878380854138232
  0.09926574010427343  0.10874264068875526  0.11801891717445093  0.12768836238342177
  0.13759998680909241  0.14745677852017935  0.15722088692119321  0.16709369814022668
  0.17787002836713878  0.18851318600789804  0.20000786108881766  0.21178017394119061
  0.22349721392698049  0.23417583562920050  0.24336057274298717  0.25260189504043151
  0.26231752520896873  0.27077888059150246  0.27975646387572711  0.28843277275629386
  0.29841635528520938  0.30782333722947697  0.31668310592651583  0.32629942760066166
  0.33501587752951090  0.34317665871097736  0.35218018435263121  0.36122979019832357
  0.37052900559163482  0.37988029158529091  0.38930803943239373  0.39908315954540935
  0.40925836673964217  0.41974910707876723  0.43020307533026203  0.44108007406715682
  0.45217820053106800  0.46371410781246453  0.47596679876931691  0.48699503891216356
  0.49810363335933677  0.50822098687161366  0.51999922083383188  0.53168937285125939
  0.54403489677359851  0.55617956448459172  0.56846244721280592  0.58108926518626070
  0.59449618234328050  0.60656011334980231  0.61823304639176546  0.63020309613592562
  0.64322982542461582  0.65485682410768842  0.66451538194907389  0.67472462269788314
  0.68547619953109928  0.69627959377429971  0.70739292654194619  0.71723868408972868
  0.72718255421456857  0.73698350430988557  0.74668282496992477  0.75431853719055764
  0.76243877347788236  0.77122243301344928  0.78168376579879595  0.79173826719325457
  0.80079545664998675  0.80969515811158577  0.81893071992177391  0.82944687021667662
  0.84090300697062470  0.85308707633693803  0.86549359928153169  0.87749289729291369
  0.88934422482077424  0.90088424715074844  0.91212946029374375  0.92277019664762816
  0.93185317165122039  0.94019338946482345  0.94870969770039604  0.95919792724172193
  0.97069818864530311  0.98116111674608464  0.99046998570028733  1.00000000000000000
 -0.00011778748613409  0.00017149876759341  0.00048386339783048  0.00085924963044298
  0.00115237630403051  0.00140637520788029  0.00166820785683077  0.00196087233125612
  0.00226511955967176  0.00258028947344107  0.00291807902704484  0.00326301855656481
  0.00360733348667231  0.00394862323277411  0.00428565147322560  0.00464336130590341
  0.00500586844568171  0.00537731052697977  0.00576289820496861  0.00615762048471997
  0.00652338522286143  0.00689007280443006  0.00726078870378909  0.00762992932607318
  0.00801060197228620  0.00837031553587264  0.00874069784028641  0.00911575809131971
  0.00951171090023371  0.00989051156892016  0.01026132122584403  0.01063941223162017
  0.01103627836561509  0.01145497958053412  0.01188945570809375  0.01233196569165091
  0.01279156315211596  0.01325584019334134  0.01369434406727730  0.01411503810873911
  0.01452113678679922  0.01490705911388384  0.01538439992107854  0.01589900662532311
  0.01645271997260779  0.01702599186448537  0.01760295826890101  0.01818070456105282
  0.01871451087446857  0.01915569781231482  0.01958806852114067  0.02007662246438679
  0.02057789186589913  0.02112182217270945  0.02166937235783901  0.02220920335399000
  0.02276235809185986  0.02333333212537816  0.02395235102891941  0.02456818276321780
  0.02529692834471427  0.02615360131809203  0.02704163263993203  0.02790687202304963
  0.02877970800276959  0.02965787527516662  0.03048264685176691  0.03127374150418515
  0.03210854907428053  0.03303792062001527  0.03396355497010028  0.03506686602313746
  0.03595785305628656  0.03699856943008035  0.03808043559360217  0.03921659457793045
  0.04063141561627417  0.04195589502869235  0.04308438635764389  0.04411339641064384
  0.04532448552617335  0.04729083441485003  0.04886689950252614  0.05039169759347393
  0.05374418982281100  0.05521869923498710  0.05690581024451973  0.05952444305672836
  0.06585813738882502  0.09743856993860699  0.13145849258133946  0.14676695853266628
  0.15752403865664255  0.22653729954675325  0.36098316978306877  1.00000000000000000
 -0.00372063931998963  0.01726545187655403  0.03204641223371900  0.04740746412698950
  0.06204016447871551  0.07356598594365232  0.08349211250795786  0.09339259031767513
  0.10349000456459040  0.11420266737747185  0.12537313110466902  0.13769965579807644
  0.15097224838908135  0.16372816698015505  0.17601662970815024  0.18823674756382217
  0.20015886409298059  0.21183487702052381  0.22243344565916995  0.23260529543373157
  0.24319814767473999  0.25305131675930093  0.26298575305937427  0.27297003013770693
  0.28386275934123795  0.29419140729776833  0.30319009176957162  0.31132568832544893
  0.31863752298963050  0.32521794012440575  0.33140209794682435  0.33761383147998769
  0.34407624023141120  0.35083274637994949  0.35786616758117828  0.36517650617877573
  0.37185627061178322  0.37898580238430057  0.38727404284767292  0.39726775764505340
  0.40826879463210003  0.41989655523763914  0.43233474642713021  0.44602332685864088
  0.46149740815036389  0.47556102197564848  0.48823178122484640  0.50120282190234211
  0.51340443136021985  0.52677423557781322  0.54059645372630205  0.55448133219751183
  0.56756102452333967  0.57994832282202902  0.58933838643201697  0.59757963563059147
  0.60548260172028134  0.61280285026756909  0.62034516820069019  0.62744821926549799
  0.63352544131522692  0.63940961395707074  0.64529833186526642  0.65178139843575567
  0.65910291849655001  0.66730694475594099  0.67600552984914408  0.68439545422897319
  0.69300121970444262  0.70221317291333152  0.71133969754952486  0.72068035536667696
  0.73048231211307080  0.74034566256529877  0.75039586462243091  0.75999449652611284
  0.76928774731417626  0.77866461022848377  0.78853166046376355  0.79943297726620033
  0.81160201878339056  0.82466052139581147  0.83761807593699478  0.85099731071600038
  0.86398468837878128  0.87361173335359399  0.88309632040417596  0.89250214253559335
  0.90355287764360614  0.91848298994641953  0.93377033404981946  0.94847066871795060
  0.96189273390145014  0.97445733385813915  0.98735055222461365  1.00000000000000000
  0.13821392721714804  0.17188703132494618  0.19031710137271340  0.21100195060924659
  0.23259543096727411  0.25506585488429329  0.27773979739278221  0.29788112203503730
  0.31535247037731817  0.33153512114788919  0.34895150624066279  0.36574270752608296
  0.38198758217608442  0.39916249804705611  0.41676661593309017  0.43475021147743104
  0.45133129766038366  0.46740016656288236  0.48297999412073178  0.49832215729549689
  0.51332227896743399  0.52819999025649855  0.54398770880662373  0.55942744036039838
  0.57422800935601681  0.58930837422798832  0.60419291324082780  0.61831534894736628
  0.63164681900169772  0.64447302507732251  0.65669883927184936  0.66879231823964014
  0.68086655055265743  0.69302760284315612  0.70500634987269162  0.71661566234470331
  0.72769286272194345  0.73847034917086707  0.74905118706240426  0.75931390748763161
  0.76895582224249404  0.77810265505282306  0.78684267055736434  0.79544613829761568
  0.80375382554946817  0.81160247735182667  0.81900304880071173  0.82623238281469891
  0.83341437775117611  0.84011787960037609  0.84639705366107121  0.85228278500174448
  0.85807058369090727  0.86377796675436569  0.87012149608225531  0.87624733084162432
  0.88217961459309413  0.88797990153651152  0.89335701219241559  0.89829951335020741
  0.90310244179872545  0.90768453442032848  0.91233799176080688  0.91682965040458675
  0.92121894479331790  0.92580348392733414  0.93046274262580408  0.93487856251747581
  0.93895141480842670  0.94269469875306600  0.94612905791279833  0.94963069406585621
  0.95320352050576196  0.95671099520065128  0.95948826731235715  0.96186149791334719
  0.96425142248201412  0.96661513443110558  0.96891069886284453  0.97115384559782147
  0.97331516865117218  0.97533533037668774  0.97726973621495961  0.97935885937629796
  0.98134974746787207  0.98311953812094433  0.98471595215212948  0.98626722519855325
  0.98779859424556526  0.98924126982576999  0.99075222260012319  0.99235699375064235
  0.99403400539854103  0.99583266862022102  0.99780710196285738  1.00000000000000000
 -0.01331091740879503  0.08987322247310812  0.13046110057686738  0.15708733636193073
  0.17619964862533630  0.19408325590529057  0.21161997596275339  0.22751055927141459
  0.24113137022523592  0.25472304954976516  0.26824799509547820  0.28073870718397720
  0.29256193047621792  0.30451755082346238  0.31474839622832801  0.32450715882923092
  0.33316514493056659  0.34219923835395810  0.35067219883435613  0.35926802276840114
  0.36760668098870242  0.37497457178585225  0.38222056156634659  0.38988808435543171
  0.39807191509653289  0.40761012622516790  0.41664267326881477  0.42565672899270840
  0.43456020480557073  0.44298237335517821  0.45063169882023907  0.45789833074947550
  0.46494683286645050  0.47197630071903451  0.47895450387360244  0.48577553515557143
  0.49309447613025437  0.50064383179831673  0.50712832412230269  0.51378078250050041
  0.51986530282187349  0.52491762396715991  0.52939484959519334  0.53400666945012487
  0.53896897614608086  0.54486838283450956  0.55123634394484644  0.55741018118340557
  0.56376971104241203  0.57051458548703171  0.57719871588858718  0.58296994739503583
  0.58862029677460226  0.59416283814281079  0.59959596356871325  0.60581408783725055
  0.61281106943977637  0.62085502909784185  0.62860988423025932  0.63586935765111463
  0.64277601458098843  0.64940650180156834  0.65625386292704990  0.66371629609785221
  0.67149524960855933  0.67850214339390957  0.68432593927091778  0.68985136215216314
  0.69538917532549915  0.70110258509717593  0.70715641474497526  0.71350856207347513
  0.72011723072061673  0.72690482168416903  0.73371551830602799  0.74043255790705376
  0.74722398729702588  0.75445805822734657  0.76268099287529234  0.77026415724042252
  0.77788528742709473  0.78536334021190513  0.79322828768872145  0.80092818524021370
  0.80823988477343200  0.81569550276393255  0.82346858988566474  0.83177313279585519
  0.84084651329746407  0.85081063574997651  0.86210395714796195  0.87565305357392365
  0.89144697203689971  0.91106726109259051  0.93815085737883175  1.00000000000000000
   1.9619925530148390       -1.0000000000000000     
 T F F T T F F T F T T F F T T F F T T F F T T F T F F T T F F T T F F T T F F T F F T F F F T F F T F F F T F F T F F T T F F T
  <DiscreteSampler_grid>
  grouped_processes
  1 # 1 for a reference and 2 for a running grid.
  10 # Attribute 'min_bin_probing_points' of the grid.
  1 # Attribute 'grid_mode' of the grid. 1=='default',2=='initialization'
  0.0000000000000000 # Attribute 'small_contrib_threshold' of the grid.
  0.5000000000000000 # Attribute 'damping_power' of the grid.
 # binID   n_entries weight   weight_sqr   abs_weight
    28   10   3.882051044836546E+007   3.836859565580259E+015   3.882051044836546E+007
    31   10   8.029777916681464E+007   1.628587423768325E+016   8.029777916681464E+007
    32   10   8.029777916681463E+007   1.628587423768324E+016   8.029777916681463E+007
    34   10   3.882051044836546E+007   3.836859565580259E+015   3.882051044836546E+007
    37   10   7.707413249524191E+007   1.491570350486881E+016   7.707413249524191E+007
    38   10   7.707413249524191E+007   1.491570350486880E+016   7.707413249524191E+007
    43   10   8.157357453836530E+007   1.662243915817673E+016   8.157357453836530E+007
    44   10   8.157357453836527E+007   1.662243915817672E+016   8.157357453836527E+007
    46   10   7.707413249524191E+007   1.491570350486881E+016   7.707413249524191E+007
    47   10   7.707413249524191E+007   1.491570350486879E+016   7.707413249524191E+007
    52   10   3.882051044836546E+007   3.836859565580258E+015   3.882051044836546E+007
    58   10   3.882051044836546E+007   3.836859565580258E+015   3.882051044836546E+007
  </DiscreteSampler_grid>
