  0.00001913109199402  0.00002264784317827  0.00002472275802265  0.00002690024800962
  0.00002919098348171  0.00003166196566286  0.00003422214844743  0.00003689689696574
  0.00003979554891347  0.00004288066078861  0.00004616862784284  0.00004965907886234
  0.00005338523719342  0.00005743029747236  0.00006191530174503  0.00006640790905727
  0.00007115755641961  0.00007592189021494  0.00008125097163325  0.00008672198495977
  0.00009268573004380  0.00009860611593626  0.00010498760745691  0.00011172411215490
  0.00011873292046119  0.00012590549591898  0.00013331295594292  0.00014138887519460
  0.00014997895265253  0.00015933993268949  0.00016922623290356  0.00017963892260792
  0.00019057672312667  0.00020189662370133  0.00021387164614033  0.00022653483538308
  0.00024050386465542  0.00025526234588691  0.00026980176564457  0.00028357894677138
  0.00029777294754205  0.00031322787537014  0.00033007732204722  0.00034767402756340
  0.00036509239011327  0.00038307934713401  0.00040291885222796  0.00042418475485533
  0.00044445705684514  0.00046621582255628  0.00048808220483658  0.00051008989390527
  0.00053255024026238  0.00055502828399925  0.00057936659620321  0.00060697374415242
  0.00063793933020666  0.00067218726732538  0.00070901207881030  0.00074824843553708
  0.00078825593169834  0.00082990840275274  0.00088242458994835  0.00092203093464993
  0.00095175536649276  0.00097805442885858  0.00100928196621421  0.00103912385112426
  0.00106870654115421  0.00109902634564885  0.00112836712516711  0.00115515375491457
  0.00118277977100014  0.00121521946171712  0.00124827347116514  0.00128071151120844
  0.00131709446623727  0.00134803022973625  0.00138967755268428  0.00143667953551631
  0.00150559899249052  0.00158192325582024  0.00166531082831443  0.00178353704254591
  0.00193158313901207  0.00214853993637081  0.00241177199012388  0.00266510059593780
  0.00280231230783135  0.00296086060738961  0.00316923033892932  0.00351967509995157
  0.00406845615080062  0.00485535384463034  0.00623232710517920  1.00000000000000000
  0.00001926221328324  0.00001969512477023  0.00001998718413595  0.00002027775346683
  0.00002056145860447  0.00002082805190835  0.00002117900479923  0.00002158599224190
  0.00002201279365579  0.00002246146888692  0.00002290994681523  0.00002333620824308
  0.00002374488244838  0.00002413104746088  0.00002452890921003  0.00002493244466928
  0.00002537976718144  0.00002584500409643  0.00002629372920486  0.00002675617224524
  0.00002726775743236  0.00002782581327433  0.00002840790649939  0.00002901192196017
  0.00002964198320493  0.00003029544928271  0.00003094890440835  0.00003162333362805
  0.00003231839328182  0.00003307466716284  0.00003385987822814  0.00003457610619713
  0.00003530475791699  0.00003606992767174  0.00003686226903998  0.00003771733262746
  0.00003857120420772  0.00003945007969794  0.00004048020576773  0.00004157593635942
  0.00004271109450158  0.00004387312127016  0.00004508087298604  0.00004659521448938
  0.00004808658990913  0.00004949879039909  0.00005100733924467  0.00005271876140131
  0.00005449602241436  0.00005640498771787  0.00005846459780601  0.00006061551559821
  0.00006280741601603  0.00006507262375600  0.00006753502617421  0.00007012676436775
  0.00007275932407289  0.00007533677401097  0.00007831816579680  0.00008113014297229
  0.00008422710857986  0.00008762283235356  0.00009141116509767  0.00009547070622430
  0.00009960992665592  0.00010377026053999  0.00010806678791166  0.00011258639201479
  0.00011722647906960  0.00012172183001315  0.00012643468856659  0.00013136808046123
  0.00013665699268915  0.00014287005079284  0.00015115181054649  0.00015896450057756
  0.00016908411772332  0.00017908359826168  0.00019102063933108  0.00020402564844581
  0.00021888732060464  0.00023473088203602  0.00025141902730274  0.00026959170069225
  0.00029303754373632  0.00032562378575616  0.00037232180623339  0.00043097691793065
  0.00050193479290972  0.00060227769112353  0.00075214312776574  0.00097742090102266
  0.00128523993586094  0.00191571888294436  0.00550297220774463  1.00000000000000000
 -0.00237486236096406  0.00896519827058910  0.01957782976720152  0.03008887034431866
  0.04038898411872566  0.05001442074233971  0.05896914546206063  0.06776629461187819
  0.07672625115117394  0.08582033982459047  0.09571840075209119  0.10623396472423140
  0.11770934035306917  0.12916997562862229  0.13990257997662867  0.15046778140874278
  0.16092573089129053  0.17150457025811580  0.18170657791788886  0.19166168746166365
  0.20160162050024572  0.21163034163164654  0.22217593619914894  0.23303244820842273
  0.24340858660186573  0.25375920215646053  0.26444116623570252  0.27524425550876297
  0.28588699653448696  0.29651986422049770  0.30773716491670366  0.31939285001957896
  0.33084959777485667  0.34066307868369866  0.34984938337834087  0.35937629575330082
  0.36854520026099652  0.37747044876917391  0.38635304280797600  0.39508253527124176
  0.40643997054405751  0.41800844338088838  0.42861358329960925  0.43917671248575846
  0.44898026723529705  0.45913654403670323  0.46993878012870371  0.48113397509159228
  0.49186226533437055  0.50256752896756018  0.51342827933960844  0.52463500553729137
  0.53601640959610208  0.54673779223107655  0.55702782240001836  0.56726637930965951
  0.57747899334691566  0.58837738569423415  0.59999141287986779  0.61199760997831831
  0.62338100200917013  0.63405055366408714  0.64401853886569316  0.65290121842946081
  0.66182810943238002  0.67113492705076849  0.68054472654144027  0.68990575559537670
  0.69910470382234036  0.70858181113830598  0.71884249598012118  0.73014795171163849
  0.74268391214330021  0.75559311808697238  0.76755877775618742  0.77887750529430100
  0.78956855475263654  0.80078603834101814  0.81277914612638136  0.82339414250395682
  0.83382369790484090  0.84574070874169760  0.85677619019406248  0.86746963341968253
  0.87830473647901730  0.89089334757361616  0.90398407547217130  0.91598016502594160
  0.92624335410047154  0.93613462113873314  0.94610984346466032  0.95717562121280120
  0.96825011959303520  0.97916756381742565  0.98978941019231559  1.00000000000000000
 -0.00073877103006680  0.00204436817440828  0.00480351281726040  0.00695400730646141
  0.00871882458357130  0.01039941346190582  0.01200162242607597  0.01357271051290927
  0.01511035308094202  0.01654075108721015  0.01787670041564194  0.01901945157278719
  0.02016970069956288  0.02095819600404343  0.02140494974226216  0.02184182397265235
  0.02238335329054465  0.02292032261604898  0.02344446465770441  0.02394779150170414
  0.02440789975240392  0.02480565231190230  0.02523202275815261  0.02563767387808660
  0.02598140070282484  0.02631933540030721  0.02665638623653864  0.02699409981193003
  0.02727033670962670  0.02755530061222574  0.02797521702105722  0.02833897150401175
  0.02865599365045994  0.02895747396986363  0.02927573721302174  0.02966009252326545
  0.02998437215782269  0.03029553423538894  0.03061377658240920  0.03095262342081312
  0.03131663717450242  0.03170327214497157  0.03224578653934419  0.03271960485495066
  0.03309297745897217  0.03342882134111381  0.03371666309668614  0.03398578678076108
  0.03423038105389452  0.03470945047935002  0.03504078853210183  0.03537385497307494
  0.03569073228394696  0.03598377762752714  0.03632300978956935  0.03682349898129615
  0.03751575223814638  0.03807187034267767  0.03845396489055664  0.03888981703153920
  0.03923529969035593  0.03958348261115002  0.04000535562402961  0.04069015039088886
  0.04105002949661562  0.04139909379960442  0.04184061031499822  0.04253573085648935
  0.04325891080891561  0.04351652724693891  0.04372749720287047  0.04395476688090878
  0.04445867621784119  0.04493288359413702  0.04568816166419517  0.04679197129048122
  0.04765014932857168  0.04827585291895280  0.04868301111890859  0.04910802764229971
  0.04960929754997596  0.05177014009328396  0.05318886124915443  0.05366021250474896
  0.05413156376034348  0.05537458737764646  0.05670124026526327  0.05759787420552954
  0.05775632819434999  0.05791478218317044  0.05850963711480013  0.06073177173220778
  0.06218895690298137  0.06434269033904358  0.06492892139491122  1.00000000000000000
 -0.00059760650229107  0.01229577397359381  0.02213633144407807  0.03190506672887090
  0.04166828428272997  0.05119570912518796  0.06064210559935197  0.06990099398740413
  0.07928995935550143  0.08894180071102610  0.09914263080364349  0.11026214803141324
  0.12176985039628777  0.13257325071419102  0.14221593383632367  0.15194031139007136
  0.16306707174480925  0.17523646980678967  0.18702815601020656  0.19847657259309057
  0.20956453138273493  0.21964754252486224  0.22998251790120944  0.24096509222771592
  0.25307179091975579  0.26513575502133319  0.27686638191796570  0.28859447779256403
  0.30043733274498358  0.31261338920213760  0.32475080537715506  0.33639334669897625
  0.34702432619903861  0.35694706066741799  0.36676352177353705  0.37615835778996826
  0.38625490139616603  0.39622084266815966  0.40669603061527027  0.41684741857514340
  0.42714443038400995  0.43717511589373859  0.44680466065982405  0.45758407811732604
  0.46832926473174324  0.48025792636584907  0.49211211528101007  0.50535746453954389
  0.52095489514875859  0.53762055168948053  0.55224626932272602  0.56482804421864075
  0.57709493626288932  0.58915185629423505  0.60042443556606828  0.61037332742456307
  0.61929898919430126  0.62771371048402635  0.63620682069772561  0.64552074164591522
  0.65513533002778257  0.66450331326199719  0.67351091540338703  0.68235419037168299
  0.69140432893400294  0.70061515803583707  0.71049111400435649  0.72116829717323505
  0.73267968888771773  0.74479305666823048  0.75731603317686713  0.76961324046213653
  0.78137081804382857  0.79297515249058748  0.80467181780399732  0.81619479821810481
  0.82740588129138826  0.83820513766910143  0.84883966816661660  0.85968050563486254
  0.87057871500579931  0.88022731671693044  0.88898834281748218  0.89760463124825640
  0.90575821889677310  0.91323950553006927  0.92118406900991967  0.92949540305466771
  0.93851490509006641  0.94841407202022487  0.95833558051940970  0.96717997196838768
  0.97554326686321791  0.98365678763477782  0.99171570958832589  1.00000000000000000
  0.09955889270227529  0.16150673191738929  0.20457286064105434  0.25397928869780934
  0.28180734496621540  0.30445613388988313  0.32549770337562550  0.34672871513843789
  0.36671775331447309  0.38839525843194728  0.40999538635810678  0.43055120761158860
  0.44946900624439101  0.46734728363491562  0.48407546809878627  0.50113429724511305
  0.51762116416250858  0.53303643874808648  0.54782069178513282  0.56162004271008048
  0.57533301179920682  0.58969768111629894  0.60468418655958289  0.61839323582305905
  0.63175258847623872  0.64383766702609013  0.65555403763639908  0.66685620231723197
  0.67806455435682744  0.68930810169421886  0.70040182987718380  0.71112523274438610
  0.72134929650229096  0.73130720761761070  0.74091323200936421  0.75020658409370100
  0.75946164703328434  0.76898868002660281  0.77883192861579487  0.78832354719982156
  0.79742274681009695  0.80570970589811830  0.81388127791774967  0.82182540400690995
  0.82988450048248286  0.83794371821683744  0.84565818893148081  0.85295594466093450
  0.85964519407135664  0.86592548228259081  0.87206545363881482  0.87819340899532483
  0.88406159272008222  0.88998219971435355  0.89598806810167275  0.90151460804319306
  0.90667101638327641  0.91162530610809944  0.91630525398673990  0.92061104751339329
  0.92480238208269738  0.92872417171146093  0.93253771891324821  0.93623191044344334
  0.93971910165201900  0.94297309331474288  0.94615693006290924  0.94905751845520148
  0.95191499343965058  0.95483905148469550  0.95755041060430435  0.96000494118350188
  0.96229102374699627  0.96449948661424012  0.96665422679755608  0.96868247072711133
  0.97062125500268304  0.97251954466777335  0.97443107634826465  0.97628620360213914
  0.97808763379062058  0.97978912002969276  0.98140016486661485  0.98293144933807275
  0.98436745874919063  0.98584357287717406  0.98734733477215153  0.98880470873136772
  0.99018167067497109  0.99151325875275986  0.99274920256138932  0.99393519652052265
  0.99515458225027731  0.99652582085027064  0.99813385693028089  1.00000000000000000
 -0.01479747709562171  0.09068220931409107  0.13031629228701366  0.15644102816084041
  0.17837449637632397  0.19677043796447802  0.21458445918075972  0.23131457861191940
  0.24690227255801206  0.26015853146737722  0.27240071823010292  0.28383878164288834
  0.29462348946953831  0.30434580365351444  0.31311569147493262  0.32170314764443941
  0.33087448548436910  0.34081336206653673  0.35118968854718458  0.36153396249544489
  0.37224826739304850  0.38276874685727635  0.39289366400192638  0.40227517244314526
  0.41109430202373526  0.41948837179485438  0.42755098007485559  0.43505118811000676
  0.44244590520148902  0.45012320897596864  0.45766466511761439  0.46539961743532132
  0.47280505601331918  0.48028041434524954  0.48802197892729526  0.49620790671523646
  0.50368586168458074  0.51044923503051665  0.51689559278557562  0.52354226289828221
  0.53042650453159135  0.53728349751543458  0.54357481588973533  0.54997862039871814
  0.55666901774682453  0.56360380356939332  0.57062565129923626  0.57747450216858986
  0.58400480961814116  0.58997519661677300  0.59599532842532721  0.60211181598737118
  0.60850701920897754  0.61537538384967994  0.62197684009313770  0.62855630090422088
  0.63475794241758654  0.64104296790263249  0.64724318663785729  0.65308183504541384
  0.65879646344531662  0.66449002545771696  0.66982131000191447  0.67501401932545591
  0.68035291339155779  0.68574791147766745  0.69130605879235163  0.69671337901260644
  0.70191250426512497  0.70707934497562874  0.71244409400914266  0.71789349209161346
  0.72334205037948707  0.72859733487667488  0.73515771843968425  0.74174826663572002
  0.74842955768585762  0.75536385041822507  0.76259170563281609  0.77000926100583489
  0.77725737574802301  0.78435963349883364  0.79168028563918813  0.79924546687332088
  0.80759731710642646  0.81580649533338045  0.82434668692695467  0.83295894936008308
  0.84366704710537921  0.85512245751933114  0.86691314374014250  0.88007079059253623
  0.89535304629374945  0.91415052915446426  0.93997709060009271  1.00000000000000000
   1.0641905096859074       -1.0000000000000000     
 T F F T T F F T F T T F F T T F F T T F F T T F T F F T T F F T T F F T T F F T F F T F F F T F F T F F F T F F T F F T T F F T
  <DiscreteSampler_grid>
  grouped_processes
  1 # 1 for a reference and 2 for a running grid.
  10 # Attribute 'min_bin_probing_points' of the grid.
  1 # Attribute 'grid_mode' of the grid. 1=='default',2=='initialization'
  0.0000000000000000 # Attribute 'small_contrib_threshold' of the grid.
  0.5000000000000000 # Attribute 'damping_power' of the grid.
 # binID   n_entries weight   weight_sqr   abs_weight
    28   10   2.438582747852114E+009   3.366209340029943E+019   2.438582747852114E+009
    34   10   2.438582747852114E+009   3.366209340029943E+019   2.438582747852114E+009
    52   10   2.438582747852114E+009   3.366209340029941E+019   2.438582747852114E+009
    55   10   4.937724215670841E+009   1.379469921562102E+020   4.937724215670841E+009
    56   10   4.937724215670880E+009   1.379469921562117E+020   4.937724215670880E+009
    58   10   2.438582747852114E+009   3.366209340029942E+019   2.438582747852114E+009
    61   10   4.900408487500956E+009   1.356393056158138E+020   4.900408487500956E+009
    62   10   4.900408487500990E+009   1.356393056158150E+020   4.900408487500990E+009
    67   10   4.917497432294420E+009   1.370289465982425E+020   4.917497432294420E+009
    68   10   4.917497432294455E+009   1.370289465982439E+020   4.917497432294455E+009
    70   10   4.900408487500955E+009   1.356393056158138E+020   4.900408487500955E+009
    71   10   4.900408487500990E+009   1.356393056158150E+020   4.900408487500990E+009
  </DiscreteSampler_grid>
