  0.00002167675145591  0.00002193752859356  0.00002228710773788  0.00002267987557197
  0.00002309374333294  0.00002351634825756  0.00002397391113410  0.00002442802030084
  0.00002487710764812  0.00002534270910130  0.00002583456312727  0.00002633100005325
  0.00002683623386506  0.00002742994790462  0.00002803607232270  0.00002867729348440
  0.00002932721129309  0.00003001778320516  0.00003077309666922  0.00003161271234831
  0.00003251862833248  0.00003341438487073  0.00003432621762109  0.00003534467110477
  0.00003645306103245  0.00003762019195450  0.00003887196932998  0.00004026542981543
  0.00004182520402312  0.00004343743264623  0.00004518562420732  0.00004700277557307
  0.00004883720428872  0.00005080616270489  0.00005310627967242  0.00005551418936613
  0.00005807898299420  0.00006081046448085  0.00006368389508281  0.00006672867439834
  0.00006998421924138  0.00007345561783917  0.00007728495514337  0.00008151552320320
  0.00008588096680926  0.00009068292964550  0.00009565522082604  0.00010103607668042
  0.00010670297351737  0.00011273701041835  0.00011917702929177  0.00012613821813270
  0.00013378792423378  0.00014206177382577  0.00015120900106700  0.00016105490033290
  0.00017151147529639  0.00018250674477047  0.00019456801521543  0.00020753244896422
  0.00022185220963549  0.00023722553645353  0.00025381256415163  0.00027148233864393
  0.00029035676879039  0.00031076145027130  0.00033272958834462  0.00035503720406310
  0.00037792686475206  0.00040202215873044  0.00042794366492147  0.00045647544734511
  0.00048782864864098  0.00052518914612841  0.00056651011889416  0.00060778222013351
  0.00065311473006373  0.00070645032253826  0.00076398403040205  0.00082873342414338
  0.00090371204078930  0.00098931403418265  0.00108274767808296  0.00117064490323837
  0.00125204606131849  0.00132488266666588  0.00140026999690153  0.00146731776718028
  0.00153993463530387  0.00161359239079811  0.00169724833967428  0.00179497147545208
  0.00193267408295333  0.00258541484456822  0.01582901922198103  1.00000000000000000
  0.00001920032572227  0.00001966642131474  0.00002016363732199  0.00002062510041420
  0.00002110252113605  0.00002165645117473  0.00002221708142552  0.00002275973452700
  0.00002331806414367  0.00002391475199478  0.00002456600224911  0.00002526447131551
  0.00002594486046732  0.00002659718516364  0.00002734462790629  0.00002813312340606
  0.00002895781816648  0.00002979031981470  0.00003066824136395  0.00003159833985975
  0.00003254365311515  0.00003350283283583  0.00003449900282725  0.00003556017182464
  0.00003665717350241  0.00003773728429119  0.00003883875014840  0.00004002426803111
  0.00004131271296600  0.00004258330614082  0.00004387027673891  0.00004522001614522
  0.00004664985805301  0.00004813588354229  0.00004959725564613  0.00005116142994088
  0.00005277917676985  0.00005446006540634  0.00005622144441511  0.00005805718007623
  0.00005997458480049  0.00006193525308376  0.00006393113270549  0.00006605544211951
  0.00006828421896396  0.00007055626937918  0.00007283720182768  0.00007527029194443
  0.00007803881638805  0.00008078889061291  0.00008347753516602  0.00008633285384749
  0.00008932211283172  0.00009243777412333  0.00009581064248977  0.00009952728159866
  0.00010334009549780  0.00010714589053425  0.00011114904798309  0.00011539889470570
  0.00011994187284207  0.00012471917485520  0.00012971444826552  0.00013471511033975
  0.00013970608199821  0.00014552376184201  0.00015159185094083  0.00015783378738894
  0.00016450612891605  0.00017156945231020  0.00017915161017330  0.00018757566570225
  0.00019626721137753  0.00020534669656659  0.00021540881267452  0.00022609644497704
  0.00023778136657048  0.00025121375375871  0.00026522498475238  0.00028164947306758
  0.00029938484280884  0.00031967171074028  0.00034250830906950  0.00036754004020699
  0.00039617757854779  0.00043019413507458  0.00047133379765959  0.00052090046500915
  0.00058456246715028  0.00066064603935180  0.00074577372707313  0.00084873995392929
  0.00104068259087163  0.00184720133124349  0.00324710802427380  1.00000000000000000
 -0.00286114943392900  0.01050550879096370  0.02157505476560237  0.03213005303833533
  0.04262909201461138  0.05311649176404779  0.06349675266181416  0.07391171901823430
  0.08438235980512557  0.09487825141391174  0.10531909399194360  0.11581508688297917
  0.12598017115855917  0.13600674824763268  0.14601161248640568  0.15635103448362572
  0.16710356295537712  0.17790438424633595  0.18883414817323915  0.19970074724170106
  0.21037711600206849  0.22090672438227890  0.23112355914573374  0.24112494106899168
  0.25121882669990803  0.26181723841338217  0.27271416193048986  0.28343972401712036
  0.29404243285374049  0.30466859109222577  0.31533674739714707  0.32574555966665614
  0.33605497711302584  0.34633965927582849  0.35655496839348133  0.36674004780586317
  0.37669242865369945  0.38656240341480352  0.39649800428674231  0.40649707688290682
  0.41650615895486121  0.42660133838754399  0.43690148432012454  0.44734242058566093
  0.45761554728901610  0.46772043476350306  0.47775162539733101  0.48794353751405739
  0.49819511809928574  0.50838787928993745  0.51853283242718551  0.52870998750664833
  0.53882766880509092  0.54926490212304291  0.55977701801889124  0.57015919448443475
  0.58035399153103895  0.59071637499897456  0.60112373186552914  0.61134479234425010
  0.62156805751892563  0.63255129500371743  0.64416509355556162  0.65615650496201761
  0.66794698570342170  0.67966520567778643  0.69077668396969039  0.70129270139078792
  0.71175441493713554  0.72261357185049990  0.73379941652528369  0.74530393936750838
  0.75603408808128270  0.76668569178536072  0.77655573317634208  0.78652397863658674
  0.79665666357888798  0.80703706856303536  0.81713566792008085  0.82751641169025492
  0.83791233664587705  0.84898713363874212  0.85913358409883511  0.86942154595211840
  0.87980727630379540  0.89098701938809233  0.90234057530987388  0.91388847861634448
  0.92504780462335068  0.93583514289054670  0.94662198132755060  0.95721498484572665
  0.96780357299999253  0.97825366127988733  0.98906888861566533  1.00000000000000000
 -0.00012675415823044  0.00020019738029265  0.00055499653208020  0.00099052838909707
  0.00131292220337407  0.00155219585272557  0.00179876905339694  0.00204789986353912
  0.00230065879994107  0.00255936019441812  0.00282064627149762  0.00308575107032016
  0.00334335164499804  0.00360005631800572  0.00386817439542210  0.00414145467269467
  0.00442111192105546  0.00471686523139230  0.00500303540411459  0.00528763801725961
  0.00557388541970154  0.00584829171574664  0.00611128439886851  0.00636190799982101
  0.00662285990408408  0.00687361780539888  0.00711560255897324  0.00738274204014104
  0.00765202953210140  0.00792756330070361  0.00822786123793847  0.00852288515425587
  0.00878565717813555  0.00901773520411697  0.00927477486676279  0.00954297323704478
  0.00985987835811506  0.01021664661246183  0.01063052997298067  0.01105527008417926
  0.01151559820091035  0.01198751700783262  0.01242669842647222  0.01282317786531956
  0.01316020918517716  0.01345122751244316  0.01370440822864258  0.01398664455362424
  0.01429005529622927  0.01460326526214387  0.01491913603487881  0.01540007243929100
  0.01585734758701806  0.01634302394092873  0.01687018745976427  0.01747791779584735
  0.01802764268736078  0.01876322594416835  0.01929902006160682  0.01981128356988690
  0.02027146084116261  0.02072409120430270  0.02116221220917091  0.02155452819170990
  0.02195404975373455  0.02234149448735959  0.02279671610414142  0.02332665052328793
  0.02731798693408283  0.02773522051320764  0.02810634200917568  0.02844974491507377
  0.02876399420239313  0.02920092951341988  0.02966499383780539  0.03070955598040065
  0.03310903673211743  0.03421285564255851  0.03479247177717690  0.03522587935830351
  0.03565136261043615  0.03614381826669166  0.03725037381077961  0.03767136239110081
  0.03833813118579057  0.03922446984174915  0.04386238157195328  0.04475508884781007
  0.04541230173610319  0.04606951462439631  0.04672672751268944  0.06969476173850545
  0.07090273658781582  0.07258391846509503  0.07621648346016899  1.00000000000000000
 -0.00295064714131835  0.01253062533161151  0.02523722018390808  0.03860279187449202
  0.05225506173934275  0.06573086581046296  0.07909352068513543  0.09280892323743242
  0.10634697245296203  0.11919000313113337  0.13158202799682028  0.14419634421072741
  0.15642946336996807  0.16891750743380499  0.18156724492618639  0.19406215803717417
  0.20608071925735535  0.21798387975901809  0.22990491719481318  0.24166790204159541
  0.25330181465958629  0.26478075911878457  0.27595670801431049  0.28670035702478708
  0.29715311099980674  0.30729737625863163  0.31705817743437914  0.32639849412011268
  0.33546159135361481  0.34434076972570932  0.35295180232940032  0.36121650507410324
  0.36925687218793968  0.37722890159544387  0.38538974585297409  0.39342557925898003
  0.40115668523810999  0.40818497843730112  0.41512955925447981  0.42229412059839189
  0.43013523168612094  0.43827390023405921  0.44617234480714191  0.45369099592406564
  0.46120447833303124  0.46907165425633934  0.47738263436379041  0.48636351494300495
  0.49591547575451206  0.50498545737848044  0.51374387397092358  0.52190592579438377
  0.53052978459708522  0.53914971307202619  0.54756753678980963  0.55585949493967657
  0.56439225609352917  0.57346077233892390  0.58243615357174627  0.59086247545357928
  0.59898478632773777  0.60729892038880817  0.61584644497375518  0.62415859125708284
  0.63234127172407306  0.64026370808692523  0.64826059162852945  0.65652304159296704
  0.66499969771218914  0.67397112714125840  0.68346795498477464  0.69332661316545319
  0.70364898911174711  0.71422862067662574  0.72496041747798634  0.73608950768913128
  0.74739105425505981  0.75945175698146861  0.77187325522813888  0.78435633321682585
  0.79677439530636063  0.80967865163177788  0.82293734585901301  0.83641464322136960
  0.84960574702446867  0.86298558414967497  0.87667560654602672  0.89071078700386686
  0.90409395162519168  0.91726230331380387  0.93066380711676522  0.94466716096554615
  0.95847958659400878  0.97217370729887242  0.98599505329971326  1.00000000000000000
  0.02038009700145921  0.12695366854925158  0.14336228952432248  0.15704525793941693
  0.16934658371295022  0.18157648763035955  0.19495810228873947  0.20995599887940875
  0.22744261471755872  0.24582737248205958  0.25877426851212537  0.27099670196519737
  0.28339859051248206  0.29557217279596698  0.30809769668718967  0.32017857992010085
  0.33186703881180291  0.34317303658231907  0.35440635001281307  0.36585580687096397
  0.37725657168501397  0.38819627167473497  0.39874261187806898  0.40900045405712565
  0.41911623224670530  0.42968730687680118  0.44082768197081990  0.45222397087688537
  0.46342154089171911  0.47466520832835585  0.48547502024018779  0.49598453978491686
  0.50646619109838054  0.51706579441290301  0.52746116884467742  0.53755576360530866
  0.54771286919995776  0.55792977096001350  0.56803083825625644  0.57789203754856511
  0.58747934601912577  0.59672126717758778  0.60567362513231948  0.61452602935524703
  0.62347608993043191  0.63271256731514380  0.64214441535721434  0.65171792114580185
  0.66141907347009532  0.67082747439650126  0.67982121589957689  0.68877772266124870
  0.69763489494530373  0.70649107940799039  0.71514696250626564  0.72344873281239297
  0.73167203189586816  0.74001400208218571  0.74818836558643664  0.75602073155216454
  0.76375222492258044  0.77151781329430080  0.77955149455780193  0.78765692183578373
  0.79583988896841762  0.80390943294092354  0.81169285016350667  0.81931038434309622
  0.82688182296049739  0.83445928434241734  0.84195383661727141  0.84913526617715174
  0.85589063325416537  0.86222197321902194  0.86829571364020219  0.87432174480894420
  0.88024350313083610  0.88615573452809782  0.89223333918310155  0.89832097084619711
  0.90429711113434219  0.91016366964642770  0.91604132599228671  0.92187376101982721
  0.92795749989192478  0.93405137190814580  0.94022299682872423  0.94632874149201063
  0.95239751383166249  0.95834106196348767  0.96416286615755908  0.96999255451396982
  0.97608868503841850  0.98272191707186729  0.99063545695492794  1.00000000000000000
 -0.01696825190983687  0.10163941257574340  0.13553440844084247  0.15658580419931992
  0.17385910079170130  0.18847974890610578  0.20171668981117091  0.21420920259947207
  0.22615017925001046  0.23724902560390779  0.24768313432080602  0.25739509948403066
  0.26650045808172185  0.27528115281876930  0.28370407087061345  0.29218704580793903
  0.30049174238592541  0.30880350794738609  0.31676544321207217  0.32439332587351610
  0.33181773719012464  0.33897578349923385  0.34604480753106043  0.35300081797566918
  0.35965433142339265  0.36612480361782357  0.37258252204977604  0.37910931459657160
  0.38565166060267220  0.39229278959238739  0.39886967801290829  0.40516905412480736
  0.41117527681298066  0.41694809855887349  0.42276215373718590  0.42895396049932943
  0.43507610468863034  0.44102417551957546  0.44666310389781522  0.45217011489979542
  0.45780062529268939  0.46366288061415867  0.46960320118584403  0.47546514956469865
  0.48140734083707598  0.48753895650425155  0.49378144528547940  0.49985417024509593
  0.50583718095761077  0.51170760483201216  0.51749873610571462  0.52321421762423115
  0.52878541757092401  0.53444063974896694  0.54012448292790538  0.54573229769174503
  0.55139879265649727  0.55700637196503222  0.56286885686237276  0.56806426238194763
  0.57358895732222481  0.57911771377095178  0.58508880146470699  0.59129101559280306
  0.59747158964977221  0.60350968942296734  0.60968529033484842  0.61580595017089468
  0.62186187225614198  0.62779003367149266  0.63384121819751327  0.64018736070277293
  0.64666342050903391  0.65322904875963383  0.65980416122135888  0.66638516093318978
  0.67324306936501588  0.68043298828260002  0.68812533501795525  0.69671072430595882
  0.70563603135581576  0.71459162830010703  0.72350041438127066  0.73257200801027245
  0.74206796498558358  0.75208403195043450  0.76271524526159884  0.77389114515682034
  0.78565875284066022  0.79801674003308098  0.81129465836015036  0.82591794641961003
  0.84286389096664127  0.86382234387700230  0.89821625702394492  1.00000000000000000
   1.0272881611460281       -1.0000000000000000     
 T F F T F F F F T F F T T F F T T F F T T F F T F F F F T F F T F F F F F F F F F F F F F F F F F F F F F F F F F F F F F F F F
  <DiscreteSampler_grid>
  grouped_processes
  1 # 1 for a reference and 2 for a running grid.
  10 # Attribute 'min_bin_probing_points' of the grid.
  1 # Attribute 'grid_mode' of the grid. 1=='default',2=='initialization'
  0.0000000000000000 # Attribute 'small_contrib_threshold' of the grid.
  0.5000000000000000 # Attribute 'damping_power' of the grid.
 # binID   n_entries weight   weight_sqr   abs_weight
    10   10   3.877348205324481E+007   6.196854487547089E+015   3.877348205324481E+007
    16   10   3.877371134241682E+007   6.196862961755145E+015   3.877371134241682E+007
  </DiscreteSampler_grid>
