  0.00001888765832484  0.00001988081506565  0.00002052075856983  0.00002099601270417
  0.00002155399583777  0.00002214746939347  0.00002276766328310  0.00002341168539421
  0.00002408143322225  0.00002477973790959  0.00002549688891607  0.00002622256612250
  0.00002701560025131  0.00002785968037069  0.00002872345782613  0.00002958162268911
  0.00003046705566381  0.00003140662548218  0.00003238571820651  0.00003338354035429
  0.00003437064748290  0.00003556965534609  0.00003680215918075  0.00003810621274615
  0.00003951391715188  0.00004100896810886  0.00004253842312878  0.00004407245876843
  0.00004560534191376  0.00004725798178048  0.00004893199612617  0.00005069390406531
  0.00005256748453319  0.00005448872080462  0.00005642383618931  0.00005845299099864
  0.00006072417933609  0.00006296061469892  0.00006530739935880  0.00006774164306839
  0.00007030418800678  0.00007295891633085  0.00007589968379342  0.00007906970302103
  0.00008231567059408  0.00008574610716578  0.00008938504777504  0.00009314887668329
  0.00009738861360452  0.00010209719618875  0.00010708105104735  0.00011242825754534
  0.00011810019422648  0.00012413517356329  0.00013084294496144  0.00013803186926757
  0.00014582530737296  0.00015445132845221  0.00016380430611877  0.00017399221583289
  0.00018478082486285  0.00019624911282777  0.00020847722049849  0.00022184350650086
  0.00023662082646803  0.00025319013010414  0.00027147444916726  0.00029146934558507
  0.00031360913446332  0.00033877313190386  0.00036783831402912  0.00040009079687481
  0.00043536966000854  0.00047393773961884  0.00051422284515430  0.00055716566944209
  0.00060952103672199  0.00066951932159700  0.00073607912024073  0.00081160687367610
  0.00089627769564279  0.00098821564858441  0.00108669973635504  0.00118559472642631
  0.00128891820216923  0.00140107837999177  0.00153135575493132  0.00170436418754092
  0.00191861055383743  0.00214449421770689  0.00235282471226990  0.00259055820643397
  0.00279410011939048  0.00356555374360392  0.01056369218383155  1.00000000000000000
  0.00001871021837485  0.00001943709083708  0.00002001161980164  0.00002055075189727
  0.00002111850586485  0.00002173831735653  0.00002234632671416  0.00002292040006327
  0.00002352820040160  0.00002423591302148  0.00002503129416757  0.00002587006535327
  0.00002671630879898  0.00002762184479820  0.00002859946880734  0.00002956563257636
  0.00003056379251055  0.00003162404872162  0.00003273091536154  0.00003387281896720
  0.00003512171764426  0.00003645404933361  0.00003779223639658  0.00003911822126755
  0.00004057716382709  0.00004211843817102  0.00004374263230518  0.00004548971240672
  0.00004734368506480  0.00004921733289365  0.00005114430018563  0.00005324066794622
  0.00005548593983794  0.00005779160582169  0.00006032500194209  0.00006286664658988
  0.00006550740127429  0.00006826047761775  0.00007111632272784  0.00007411883434140
  0.00007732022259073  0.00008069210453693  0.00008420440322842  0.00008796894139987
  0.00009202900144612  0.00009629433185071  0.00010083137145041  0.00010552408009705
  0.00011038651879212  0.00011556521072993  0.00012119126513450  0.00012722038980107
  0.00013356638989104  0.00014039264271240  0.00014746871338578  0.00015493340721245
  0.00016301435628895  0.00017140248459019  0.00018038654199038  0.00019009238810798
  0.00020046852165288  0.00021160286251775  0.00022345479085170  0.00023652567241181
  0.00025069083814337  0.00026615686667029  0.00028288826412966  0.00030134392113279
  0.00032177493380837  0.00034410712587944  0.00036924762970419  0.00039611145911980
  0.00042625096711109  0.00045855750804031  0.00049487436747150  0.00053532797777572
  0.00057733435864026  0.00062051110567488  0.00066596955732084  0.00071649802799733
  0.00078054897650389  0.00084802891168846  0.00091187532706744  0.00097245737111213
  0.00104332794499576  0.00112334320961861  0.00123195486402075  0.00137115512434627
  0.00154563363387438  0.00169870993264404  0.00187774052644040  0.00223864376280106
  0.00281250150127235  0.00307335638707933  0.00664949156644125  1.00000000000000000
 -0.00169054244351608  0.00642671951316268  0.01411184833636756  0.02130339779137812
  0.02885096512861727  0.03697389663006027  0.04503697061186016  0.05244051490472588
  0.05935732959165596  0.06613491413106269  0.07308602484323182  0.08028213990668923
  0.08774111611362410  0.09536617813250187  0.10302368727783236  0.11123743627982074
  0.11991792133657365  0.12885621389625859  0.13829211488276430  0.14748278925689076
  0.15661718484835008  0.16588822113306032  0.17539148465495977  0.18542942398480933
  0.19516175690865464  0.20495505515566226  0.21468163843744142  0.22461917296270381
  0.23498085701379295  0.24597540011089214  0.25764126285791006  0.26959354899419197
  0.28194755595015147  0.29452400102453852  0.30695599014479147  0.31924084524702340
  0.33175784130733932  0.34473304699343271  0.35799531995943895  0.37170223795197205
  0.38592418677104751  0.40070358087591079  0.41536055370833930  0.42975408194260478
  0.44419350897394855  0.45885645467971836  0.47315760493813896  0.48721477848134820
  0.50148071666099137  0.51600375996792847  0.52972441915272062  0.54296429914050437
  0.55662118356119805  0.57065891487181641  0.58486285483851885  0.59894965519790444
  0.61267711235998745  0.62608224964225534  0.63919907693895839  0.65231180408045708
  0.66517164258881734  0.67757436913956659  0.68983233592280135  0.70224926956978495
  0.71491391493404766  0.72721083595967762  0.73951246047443453  0.75156449544451087
  0.76344742964937518  0.77491499327556390  0.78597587461221696  0.79684747414031298
  0.80733600256245930  0.81737582767259576  0.82721464102932518  0.83702765772173904
  0.84681640410939518  0.85629976648616324  0.86526329284349346  0.87399239964092279
  0.88241562085058378  0.89111436569204372  0.89955328907904430  0.90797338484229051
  0.91621505943262049  0.92411354550968239  0.93157605838151014  0.93889220605326673
  0.94617090389636027  0.95358094393588599  0.96124942159708937  0.96896111445141597
  0.97653380212572882  0.98416117779735268  0.99185041746819125  1.00000000000000000
 -0.00230366284905399  0.00935459504843297  0.01962430556381697  0.02972527846693786
  0.03996480664450068  0.04962548204746959  0.05941540375145343  0.06945954462821723
  0.07964906975742900  0.08918033082913825  0.09891298711266149  0.10876943434583705
  0.11956780475381545  0.13025677144674858  0.14122047897695739  0.15178036256685770
  0.16230324005148677  0.17282419049911141  0.18399578840209940  0.19482699915392990
  0.20537259598631416  0.21576298878949987  0.22664829172051509  0.23725941899500033
  0.24726676335588782  0.25749267168975515  0.26786820563287445  0.27854267298244473
  0.28933264669001796  0.30006433289537970  0.31069374550680673  0.32129658677603751
  0.33213614648164547  0.34338874461295027  0.35449713509377528  0.36505759859965003
  0.37519184577653247  0.38517040302231509  0.39532987045040158  0.40565890545779132
  0.41580656552669698  0.42593990710140611  0.43614293242443380  0.44675058105937387
  0.45765203466155369  0.46868096832830985  0.47960996135345046  0.49033095865647969
  0.50075340282142244  0.51068195155922513  0.52050415135209915  0.53055332159924606
  0.54081073015118641  0.55137930791355583  0.56185661369961948  0.57266769479094981
  0.58389511374233360  0.59481821417925429  0.60584559777758518  0.61677350334354653
  0.62774728797624257  0.63835616091641401  0.64892468530579794  0.65940738748901284
  0.66974578183901579  0.67961410674935696  0.68962739145457996  0.69999048114631313
  0.71061764626736112  0.72132244912734822  0.73213593886217521  0.74358615723053034
  0.75488350158478423  0.76611183723662324  0.77703052274707429  0.78759555671981962
  0.79832367810918525  0.80883369242936265  0.81914013746579728  0.82905082718701717
  0.83916071220710409  0.84972136047741909  0.86032694318215064  0.87089648345880089
  0.88101223374980486  0.89118896200946052  0.90161765428822871  0.91259234731289240
  0.92351126158458496  0.93428519307642088  0.94503744760589636  0.95607650318266935
  0.96694011966035665  0.97798235897584329  0.98896104695276954  1.00000000000000000
 -0.00248745445137618  0.01029086049806490  0.02042998438134631  0.03083438439325051
  0.04117268430416565  0.05165402866051490  0.06258580545775996  0.07364748551830684
  0.08428555586685962  0.09408102978538734  0.10376335737917361  0.11385681810546924
  0.12451433869077770  0.13556120375841213  0.14651710998059103  0.15743437845835881
  0.16827760699382593  0.17929821567276680  0.19026101117363001  0.20105991571565124
  0.21200884397265526  0.22283009183693672  0.23337994345178148  0.24374683907114639
  0.25405788313281358  0.26400902246853014  0.27373987686299250  0.28367546667053256
  0.29399597249713860  0.30506262776961135  0.31615198875642148  0.32759236393520519
  0.33895379080959714  0.35018073175492859  0.36129389185907190  0.37262146594013479
  0.38397855722981744  0.39500900313035020  0.40599122234720875  0.41675001970444420
  0.42722970591990606  0.43720359984001950  0.44708071415460326  0.45658492194015876
  0.46648545774568428  0.47615499423201996  0.48667370704475110  0.49748505143539368
  0.50829526461521979  0.51863191793425933  0.52829928357605005  0.53816323514066522
  0.54835337251570138  0.55871359094285800  0.56898398635761194  0.57903445477864401
  0.58978980963069294  0.60161414512896216  0.61385399682320985  0.62551333158312539
  0.63636347235665824  0.64685221018535022  0.65711472202499144  0.66731160234931719
  0.67792917133953878  0.68868914750684262  0.69967861501808959  0.71025755213414032
  0.72057563786377332  0.73112218899720327  0.74156904902604015  0.75209796124695893
  0.76250598611336240  0.77308098480781451  0.78350542465767137  0.79404654406533592
  0.80461088099793909  0.81479789654015355  0.82481552840065064  0.83519652724806492
  0.84597634383007803  0.85647118316368520  0.86670654999048435  0.87708113300884749
  0.88790943087478891  0.89858730056862846  0.90916073281940935  0.91966995025492926
  0.93014997857104242  0.94023160293009489  0.95015213302003343  0.95988147584061423
  0.96963146812733314  0.97970100343107691  0.98969794244532283  1.00000000000000000
  0.03257583519221480  0.09551818198608705  0.11816008337539087  0.13462518335820781
  0.15048997659510618  0.16426121460991325  0.17606845449797920  0.18829747486880860
  0.20106958289603544  0.21384282611743985  0.22775428775807310  0.24234357204727175
  0.25504559333413024  0.26610551529205034  0.27722416017762413  0.28899171468605311
  0.30115671632450203  0.31376176252148213  0.32656341711081360  0.33897939512920711
  0.35121304018364286  0.36288851428088109  0.37471606066819013  0.38595309968711777
  0.39750012209839075  0.40876871835045941  0.41983310688674436  0.43037262915959734
  0.44034698305489706  0.45021490359552679  0.45998299131475040  0.46966783525915534
  0.47923479159096266  0.48845805968991535  0.49763629708863022  0.50679008517261837
  0.51602895905853086  0.52542191118633474  0.53515471127483583  0.54498993992370859
  0.55458361920871269  0.56382607820990194  0.57283303768190319  0.58181890075926912
  0.59100018093012296  0.60018682561785308  0.60938852282009448  0.61850526112055015
  0.62758424030618887  0.63644394361423684  0.64523719528309875  0.65384146673956822
  0.66249794614562985  0.67129572204251486  0.68022942805558029  0.68920925397528943
  0.69792820033471203  0.70673086317898459  0.71558841883686797  0.72418695727714888
  0.73268907626361224  0.74108561088909164  0.74973043941048545  0.75849147112546400
  0.76726698822991268  0.77592548828800345  0.78453770131175971  0.79305375131561351
  0.80165422077715698  0.81007943545711569  0.81839936346799103  0.82665869661653779
  0.83484650610952005  0.84303404959896122  0.85122068386938488  0.85938720009375891
  0.86745378841770904  0.87531102143296091  0.88283861815288633  0.89009694608882639
  0.89730321921799594  0.90433363548102574  0.91137406048834535  0.91827717483714455
  0.92497508259369743  0.93161501059656049  0.93813244575532995  0.94429256559776542
  0.95036843585704189  0.95645354502198388  0.96265120976878238  0.96912835836984679
  0.97606049689791730  0.98316566471459388  0.99104824734460140  1.00000000000000000
 -0.01665997482074292  0.10399843289621770  0.13747526362351326  0.15873352088330356
  0.17542924213445615  0.18934978717211476  0.20218257676955570  0.21439523800634994
  0.22607131155655663  0.23709622238205921  0.24745411673945078  0.25730908755185644
  0.26672644849998944  0.27593794709916569  0.28490651260891608  0.29350178593067627
  0.30182843729529696  0.31022062200644718  0.31830392528629742  0.32594150444961956
  0.33318138312301365  0.34010126906557553  0.34695284839017426  0.35377225298071791
  0.36044040199503879  0.36699142224110115  0.37347859379430887  0.37984061888626219
  0.38601448053788973  0.39214144234173848  0.39816351965008601  0.40417063309133966
  0.41021045281748425  0.41609217393021608  0.42201995779515394  0.42789591409613009
  0.43367419892188674  0.43951204793567838  0.44531015619446895  0.45119995381186812
  0.45720416373406592  0.46319672333321837  0.46917321423453451  0.47497231532487760
  0.48078641384791421  0.48665011829819793  0.49244581751518618  0.49801909502438541
  0.50352542351320662  0.50898148125208742  0.51443869964771627  0.51997487239362128
  0.52537634492060270  0.53093285105418231  0.53686808959965870  0.54277564575996606
  0.54848560790053058  0.55405393945283199  0.55969567454010438  0.56558085097538924
  0.57161175458395386  0.57754873829469178  0.58328230554455873  0.58918017877812634
  0.59518399618105866  0.60125887791569521  0.60747978269802272  0.61371806675179219
  0.62013797393913106  0.62687086346265286  0.63382134937296108  0.64088061591268042
  0.64792633626620022  0.65500463039158641  0.66234036295923782  0.66983992999270514
  0.67756471952003916  0.68520941946134761  0.69277093835882175  0.70052819998392013
  0.70877334140186932  0.71733801493842764  0.72614813346820906  0.73512730956116024
  0.74416462329294208  0.75360591810883859  0.76373948416348791  0.77453659925276896
  0.78595606552958330  0.79794858966293014  0.81072332312006867  0.82513245939940949
  0.84250103703565360  0.86434434460198850  0.89977462339335512  1.00000000000000000
  0.79513023592304466       -1.0000000000000000     
 T F F T F F F F T F F T T F F T T F F T T F F T F F F F T F F T F F F F F F F F F F F F F F F F F F F F F F F F F F F F F F F F
  <DiscreteSampler_grid>
  grouped_processes
  1 # 1 for a reference and 2 for a running grid.
  10 # Attribute 'min_bin_probing_points' of the grid.
  1 # Attribute 'grid_mode' of the grid. 1=='default',2=='initialization'
  0.0000000000000000 # Attribute 'small_contrib_threshold' of the grid.
  0.5000000000000000 # Attribute 'damping_power' of the grid.
 # binID   n_entries weight   weight_sqr   abs_weight
    10   10   7.432474461454387E+006   1.287002107867664E+014   7.432474461454387E+006
  </DiscreteSampler_grid>
