  0.00001858094126404  0.00002020728893575  0.00002210896811913  0.00002415759785431
  0.00002618636715624  0.00002826703085193  0.00003038211805136  0.00003267398911622
  0.00003517646351401  0.00003800731472539  0.00004098039495145  0.00004406363392320
  0.00004738885547268  0.00005095222015899  0.00005476743932146  0.00005871629668937
  0.00006282237700085  0.00006710833221940  0.00007168373849974  0.00007643205034573
  0.00008134477089452  0.00008646697783865  0.00009173129685498  0.00009712295533934
  0.00010264834591560  0.00010826087517603  0.00011429355883707  0.00012050879051556
  0.00012681978643403  0.00013319611820450  0.00013985078869767  0.00014698816538114
  0.00015426119764900  0.00016161145324608  0.00016918364967080  0.00017707484943590
  0.00018543462481614  0.00019411760429517  0.00020301276278158  0.00021230600103287
  0.00022170417111901  0.00023095752916196  0.00024098427855773  0.00025149681126615
  0.00026234459028335  0.00027364306786533  0.00028491074758564  0.00029634560355912
  0.00030844533426285  0.00032112379950372  0.00033445354374827  0.00034842738436297
  0.00036290929378269  0.00037720685430838  0.00039264628197818  0.00040945640085005
  0.00042689931062414  0.00044473433197109  0.00046264700271227  0.00048056632138334
  0.00049876498707733  0.00051786255415746  0.00053713673255457  0.00055665251593532
  0.00057734700743098  0.00059812184393478  0.00061926940628824  0.00064123908674952
  0.00066392904976225  0.00068678316590224  0.00070870901385134  0.00073179833859380
  0.00075627901467108  0.00078187462786202  0.00080792918252038  0.00083503920119175
  0.00086311242131445  0.00089228306276708  0.00092216445808087  0.00095208038758430
  0.00098337548844449  0.00101686063407813  0.00105243037206078  0.00109508790414811
  0.00113423704050670  0.00117453518280031  0.00121441315406185  0.00125355244704819
  0.00129260059283534  0.00133485901017123  0.00138567098164550  0.00144492242835603
  0.00149053451833590  0.00157413104518557  0.00164772241993741  1.00000000000000000
  0.00001879556511819  0.00001976690788664  0.00002108680377932  0.00002236006021215
  0.00002353440902243  0.00002463986543985  0.00002574042336844  0.00002690712257478
  0.00002815578715792  0.00002944240276686  0.00003075257245029  0.00003207637382928
  0.00003344571748738  0.00003486852482930  0.00003638213594756  0.00003800968540563
  0.00003967306041833  0.00004151306113891  0.00004335740678692  0.00004526304763584
  0.00004733954009412  0.00004938591711954  0.00005155656427926  0.00005379400071505
  0.00005611825337939  0.00005861619757697  0.00006133498798265  0.00006416122368199
  0.00006718904863924  0.00007041005490093  0.00007360697494073  0.00007732844114213
  0.00008106709384372  0.00008507881012028  0.00008944019856874  0.00009389615027608
  0.00009896625401169  0.00010430996010037  0.00011006200656113  0.00011622655656804
  0.00012248983781511  0.00012958584839795  0.00013690565822552  0.00014514175085067
  0.00015376157733539  0.00016288237895573  0.00017291534533113  0.00018297046151035
  0.00019431332242249  0.00020644320363643  0.00021976174665190  0.00023420362869280
  0.00024944770372662  0.00026596631572839  0.00028389252902587  0.00030275723669460
  0.00032247105283325  0.00034266637590675  0.00036389357914952  0.00038605253159678
  0.00040939768399039  0.00043343171735119  0.00045801461603190  0.00048333264646735
  0.00050982118597923  0.00053895432103893  0.00056904715027819  0.00060051191881991
  0.00063229669474536  0.00066532845270509  0.00069837224426276  0.00073026144342973
  0.00076323108590522  0.00079830542478733  0.00083817903580042  0.00088409891019858
  0.00093297901248157  0.00098063691576368  0.00102003524227946  0.00106136940365037
  0.00110777136919730  0.00115148727900441  0.00118682121041052  0.00122908301654678
  0.00127412562515060  0.00131910281770241  0.00136262155971295  0.00140489195123184
  0.00144954789183367  0.00151206445819817  0.00157626327725302  0.00164503949912753
  0.00172358629824747  0.00180565452999625  0.00762435851413117  1.00000000000000000
 -0.00314851554086892  0.01487250570723712  0.02991458376406360  0.04437551154165582
  0.05835710071188489  0.07242882915864587  0.08684282661304828  0.10077522392362842
  0.11399925611821449  0.12642282533223820  0.13841352711081528  0.15046045693242149
  0.16282714450582023  0.17471732004623719  0.18614969149012492  0.19744834889166829
  0.20889854886361486  0.22056411292835368  0.23243162782476157  0.24452917276421668
  0.25658514536793248  0.26836595807764740  0.27987331108169305  0.29125922794831177
  0.30227120138947144  0.31324774810471018  0.32416353474579146  0.33520926436763965
  0.34632682447153451  0.35778578953438750  0.36908509301949433  0.38032132513011807
  0.39179488482900210  0.40319956032142223  0.41446284028653668  0.42564962339299489
  0.43702287260173628  0.44822522026434042  0.45928750536814217  0.47031706651130817
  0.48140997422847409  0.49256482331268214  0.50399743299989230  0.51566192174482550
  0.52712710067175739  0.53820460088701949  0.54889960401870741  0.55970939533270092
  0.57009033065386061  0.58012901355312274  0.58971488348388079  0.59923005941953367
  0.60868732934569225  0.61819383425981811  0.62801667679843809  0.63823286747640373
  0.64858410732521321  0.65870470525753810  0.66832229180729041  0.67775608688155620
  0.68731568121240982  0.69703444180190388  0.70676110574356776  0.71607858584964901
  0.72551808693354258  0.73469089678967625  0.74400670843063488  0.75304451968810282
  0.76186545931619154  0.77068293112614361  0.77951357101107355  0.78829500967236987
  0.79709692587570846  0.80577127561578976  0.81450701774394985  0.82328860206533327
  0.83222263980681699  0.84097515885522056  0.84961294878000648  0.85794846540341285
  0.86619272527621671  0.87440873917371986  0.88247119101916893  0.89050814648049004
  0.89872212373326177  0.90716060337928095  0.91581762082996632  0.92469794069136724
  0.93359278119331401  0.94243310017429227  0.95122958983724737  0.96019866205718685
  0.96930433681271044  0.97868964127642610  0.98916855398024828  1.00000000000000000
 -0.00260078311063528  0.00930519473932766  0.01948979183463720  0.02955032982279416
  0.03991088041804457  0.05005782701843611  0.06044772092805227  0.07105806131596870
  0.08182061029421504  0.09239118832041658  0.10288198975073268  0.11351568454733360
  0.12415480521756957  0.13509763344941045  0.14629138709560052  0.15767216524100036
  0.16917272487746721  0.18091776149996361  0.19185096486988237  0.20183909231765690
  0.21182229827782789  0.22205209996250100  0.23240755276087610  0.24276722400284215
  0.25348658950864628  0.26463087901403137  0.27543542380605252  0.28593604671351147
  0.29635308268980787  0.30677336690923734  0.31721987808493507  0.32772854601518137
  0.33815793405074557  0.34845347724338072  0.35868252399955691  0.36862479754286614
  0.37854592841330453  0.38845785875397343  0.39874933371703541  0.40954251710774286
  0.42062742831085803  0.43172609745546264  0.44267986368750195  0.45342020535333971
  0.46410772446250714  0.47496247892252341  0.48583355454928873  0.49656216907983503
  0.50700412825811736  0.51757694213076411  0.52855786363530310  0.53945985483986703
  0.55011541814302500  0.56073760490322133  0.57159025791133511  0.58233771435983217
  0.59260683625176847  0.60334133603051687  0.61364705486377624  0.62419069463446342
  0.63444438860197783  0.64472592779989146  0.65492589471395424  0.66510652522398206
  0.67594091725558370  0.68632157460561916  0.69698228767544101  0.70730411397270265
  0.71793764848780339  0.72869433178939302  0.73945543302961980  0.75002262174975209
  0.76022914096677641  0.77030970466085025  0.78046031539483862  0.79068641903289316
  0.80100786840028093  0.81134927810418833  0.82140141677047862  0.83179843764045513
  0.84254187860953422  0.85296497009740968  0.86364899964735631  0.87424772537145179
  0.88482742170064488  0.89530196294117725  0.90589668174158222  0.91672575765535058
  0.92722253347204497  0.93763051941453324  0.94797312286628577  0.95809158747645062
  0.96825972458900278  0.97858574272688736  0.98927646880225117  1.00000000000000000
 -0.00268972305346223  0.01085586810606627  0.02218433228964986  0.03400491494790903
  0.04538299134098804  0.05673971266946637  0.06796208059009697  0.07911269297423462
  0.09017026915286644  0.10070683979781370  0.11109666139948439  0.12148464445727244
  0.13179121161990204  0.14234907413014095  0.15275098434997919  0.16321930867124629
  0.17363082297609922  0.18451428670088155  0.19553594275397421  0.20661297691018321
  0.21783261091678754  0.22883216960491390  0.23938272800250332  0.24951763990718520
  0.25965989698514907  0.26988853492549719  0.28037615034397079  0.29084850449389316
  0.30148449242633213  0.31202849745466937  0.32234289642789571  0.33247953629362093
  0.34247230969332515  0.35261322772319093  0.36283642627561569  0.37318813837532788
  0.38397961524068047  0.39501712210785406  0.40589322226422220  0.41678276426423355
  0.42762137969450748  0.43852607151678552  0.44966612080067547  0.46053543518952961
  0.47108741630974893  0.48140542801649944  0.49160243167382922  0.50160331450798501
  0.51174892369950920  0.52226595704726919  0.53291169372812353  0.54342047341813127
  0.55384332497562494  0.56399907365126944  0.57432695378901022  0.58432836750517425
  0.59463897339924887  0.60482553302367470  0.61571283756410755  0.62639391832182756
  0.63645336844281164  0.64667439692740925  0.65700934915101694  0.66683081289517021
  0.67630222090163961  0.68617880013274390  0.69665416208603803  0.70715045856698100
  0.71733333024764212  0.72765713834048507  0.73805405185667627  0.74849922971467842
  0.75883728672066808  0.76936884583278620  0.77947255021730943  0.78957259060099749
  0.79985227882600429  0.81037392106443085  0.82092431935102517  0.83105651566964156
  0.84132496567467663  0.85177125364999096  0.86233792609081406  0.87304620503062880
  0.88375490189666706  0.89477597252186369  0.90573664606237370  0.91688133933131000
  0.92785276448158294  0.93861976714720807  0.94890656132680284  0.95885155387462362
  0.96895046129875939  0.97921245633468046  0.98967158002525024  1.00000000000000000
  0.05206850430510735  0.06162997379363765  0.07293825629326771  0.08667683696382339
  0.10071784111834053  0.11473091329799748  0.12645786001951609  0.13690283651678467
  0.14775888599671422  0.15918260088110142  0.17046853793762429  0.18152396984319832
  0.19281313206527156  0.20367862937991421  0.21465580527111677  0.22548403071443027
  0.23712211737935215  0.24966338904856006  0.26362096942165680  0.27694849953991879
  0.28885730627153994  0.30034583294373995  0.31182398145204704  0.32255858518614278
  0.33378415888468116  0.34489277070817731  0.35570926357937716  0.36578786303284283
  0.37551422508350313  0.38498233708538881  0.39434046751090535  0.40370363430170375
  0.41278457193883095  0.42164484354935838  0.42992552332069034  0.43873451718064027
  0.44745163391785475  0.45644297326798056  0.46516682176739305  0.47386447777929752
  0.48271153348080276  0.49213663155847304  0.50183627762204608  0.51154075856313497
  0.52108225432324384  0.53072688462586592  0.54030474364176251  0.54962701458376095
  0.55880716238388373  0.56777216918483120  0.57663976567193964  0.58551383337376717
  0.59430842115255000  0.60301254714393171  0.61164614252132921  0.62020104450509761
  0.62870750953909760  0.63730234410845210  0.64585289455623685  0.65457691259411743
  0.66336227062083608  0.67193891019577434  0.68041434212311946  0.68864875052450025
  0.69699184615336385  0.70533459088095507  0.71386443173681668  0.72222346216977595
  0.73046659107445000  0.73888778027922752  0.74734925811079134  0.75591456004051716
  0.76454933980181983  0.77320501618285964  0.78197881299379579  0.79055500180583094
  0.79909808433492924  0.80780783117992772  0.81660086170239587  0.82538249695890475
  0.83413704353763551  0.84296829138759033  0.85192728488464964  0.86045157881818091
  0.86892492095898688  0.87705739257361248  0.88533231410180335  0.89378228636209200
  0.90282176580167450  0.91223762893288585  0.92228488697410183  0.93343705609934235
  0.94566502377592454  0.95978932866905564  0.97701042146544659  1.00000000000000000
 -0.01883691948382714  0.12488834384721501  0.17197295071904120  0.20262531378689524
  0.22722944491403937  0.24758708312387215  0.26601634505733024  0.28293593640664150
  0.29891102937509578  0.31360199850653681  0.32711931815806300  0.33981825263666277
  0.35193548675691871  0.36360633660074004  0.37512096300329056  0.38631169176620173
  0.39708298518749574  0.40753229630893389  0.41779905738849288  0.42784823784806375
  0.43733953960591909  0.44640049227585415  0.45521272714743610  0.46383287518338101
  0.47248255139693413  0.48077273277680149  0.48875991261996060  0.49651773285554962
  0.50436066061421958  0.51222870612781568  0.51986755930240558  0.52734821669551057
  0.53466938956559429  0.54203300499235263  0.54928985804024932  0.55637755159052349
  0.56321193995513041  0.56979154812754240  0.57625613496520645  0.58267956433402357
  0.58904420599703844  0.59528692820965401  0.60142967441816642  0.60734962779272250
  0.61322805092410215  0.61929043802959260  0.62556969759679326  0.63187358670090710
  0.63809645878669841  0.64431947150036828  0.65024393730808228  0.65585841050640481
  0.66145439386402727  0.66696458821191318  0.67250558496935653  0.67804611854232877
  0.68355356161189462  0.68904789614664619  0.69426830936755801  0.69950500146427308
  0.70456035476389189  0.70969592157746086  0.71497268810692527  0.72038566138217497
  0.72582520121195326  0.73117339712382468  0.73640215162523059  0.74159107343594977
  0.74687365239759518  0.75219201124064639  0.75754245065766979  0.76293974522528962
  0.76832274070566708  0.77384689362819692  0.77925999597415418  0.78471951112433913
  0.79026468390052562  0.79599462178598590  0.80180467131002497  0.80746582012671497
  0.81313551682817531  0.81893440397784723  0.82500527328213014  0.83137972685781170
  0.83809313492054749  0.84501995811306552  0.85212086850319746  0.85935546571888988
  0.86687674884804433  0.87490196385931385  0.88411822339714197  0.89478892787657227
  0.90760358658597340  0.92368441898751430  0.94718487697300879  1.00000000000000000
   1.6993277103293427E-002  -1.0000000000000000     
 T F F T T F F T F F T F F F T F F T F F F T F F T F F T T F F T T F F T T F F T F F T F F F T F F T F F F T F F T F F T T F F T
  <DiscreteSampler_grid>
  grouped_processes
  1 # 1 for a reference and 2 for a running grid.
  10 # Attribute 'min_bin_probing_points' of the grid.
  1 # Attribute 'grid_mode' of the grid. 1=='default',2=='initialization'
  0.0000000000000000 # Attribute 'small_contrib_threshold' of the grid.
  0.5000000000000000 # Attribute 'damping_power' of the grid.
 # binID   n_entries weight   weight_sqr   abs_weight
    31   10   2.113480891357111E+006   8.285144400215820E+012   2.113480891357111E+006
    32   10   2.113480891357110E+006   8.285144400215814E+012   2.113480891357110E+006
    40   14   1.139989615425500E+006   2.891282618611895E+012   1.139989615425500E+006
    41   14   1.139989615425500E+006   2.891282618611891E+012   1.139989615425500E+006
  </DiscreteSampler_grid>
