 -0.00086610143929209  0.01233181213802183  0.01975969303333061  0.02461150402073322
  0.02876955848185705  0.03277458734074946  0.03670282010682969  0.04072233944212463
  0.04489322572909445  0.04902172874288102  0.05317569821709774  0.05754197812109686
  0.06218460034823478  0.06684651990152955  0.07146786035626465  0.07609317670544082
  0.08102751128837135  0.08601965495604867  0.09095618025224737  0.09598055160655393
  0.10110250950479914  0.10636809619695638  0.11158090014468146  0.11678487781947609
  0.12198999330158947  0.12717066671313826  0.13226335472683629  0.13730703422728038
  0.14240572214914096  0.14764309715876739  0.15309149718671780  0.15863961941091351
  0.16421745846000174  0.16989551265704089  0.17583978484266669  0.18195494837909335
  0.18801400122858919  0.19423213160043598  0.20075704569436617  0.20739936220833510
  0.21414042798446051  0.22110182453564897  0.22828010699121890  0.23569227262247508
  0.24326299054859984  0.25121995616048920  0.25963443357911492  0.26821169095723796
  0.27711459568213093  0.28675170651705306  0.29711731421169230  0.30769055771645459
  0.31883915336781871  0.33151848845336596  0.34520038020411675  0.36057889847495977
  0.37954089779210554  0.40342786117337193  0.44025961825212923  0.50860606287367804
  0.57055229382085748  0.60619683785309297  0.63044608503155497  0.65037286242794645
  0.66851836236296414  0.68478598825527137  0.69886169468046955  0.71170232990034621
  0.72372015382380039  0.73496868918575842  0.74591992797349205  0.75673118660767935
  0.76735098818568714  0.77758342316038709  0.78752449610264497  0.79719290061569470
  0.80665046707993415  0.81604793114112906  0.82527195824205202  0.83419369021017675
  0.84291417935941659  0.85149534853717723  0.85999177812707606  0.86856583428303857
  0.87709320795055379  0.88542343882930175  0.89370239640814908  0.90222951680232777
  0.91076541585770310  0.91931485094962162  0.92800905989313842  0.93698380364750655
  0.94667357145249420  0.95679964441350662  0.96798667665735838  1.00000000000000000
 -0.00250342608953159  0.01043572851904498  0.02152891785831010  0.03281508526726865
  0.04396090724100107  0.05490277653675892  0.06584096681094066  0.07702562477532598
  0.08807087675809586  0.09862946378388728  0.10925971528291539  0.11932387671691511
  0.12971856225344952  0.14039910941744607  0.15196821507721997  0.16383144886013376
  0.17482825500122004  0.18563889739256448  0.19727113929285231  0.20883276065446293
  0.22020542147761221  0.23116842427079123  0.24190192999482873  0.25265493356719126
  0.26351832989129359  0.27482821894289960  0.28658596121241242  0.29809200843625422
  0.30941039602510412  0.32028042085747899  0.33098047659291968  0.34130089027733507
  0.35132605194297173  0.36118305494260888  0.37110735747680240  0.38080837464757195
  0.39084081721508002  0.40073011038725137  0.41062311129986995  0.42069722387505637
  0.43072174188088530  0.44079572560106778  0.45043497576171820  0.46007683961869089
  0.47031736866043306  0.48103186286470834  0.49190631194886431  0.50269817004867889
  0.51332343376020195  0.52391171414262327  0.53404613443383009  0.54410554909589404
  0.55424547512363065  0.56450169213781287  0.57483949074698626  0.58547633240190866
  0.59636396116449808  0.60759568852058066  0.61877258633185672  0.62935607637275814
  0.63953896083689676  0.64910888283924173  0.65853545522420576  0.66820588393348312
  0.67801918567592168  0.68796764659635157  0.69753383819551495  0.70717145111654600
  0.71703532428352346  0.72721078458864785  0.73761247963185173  0.74804205899756382
  0.75876884777569886  0.76960287931506455  0.78036559692849905  0.79079707943152333
  0.80111825231335110  0.81140367112690337  0.82182134402361928  0.83205722618684341
  0.84226389790739209  0.85266513118100529  0.86367056032156420  0.87499839978295268
  0.88545171418288371  0.89589689738308198  0.90670433218966273  0.91801647253961416
  0.92949629251462362  0.94047017183536774  0.95069343758287705  0.96088546731812352
  0.97081390090913811  0.98080103681037833  0.99027601565346324  1.00000000000000000
  0.01340107976106750  0.02867165166694880  0.04610953462539316  0.06050893509725920
  0.07328890642117669  0.08520956629474821  0.09614999447485729  0.10660385692941107
  0.11631156038507913  0.12587038523170802  0.13533921851015085  0.14460539374723971
  0.15390585312841146  0.16297885433542780  0.17164170815979005  0.18027372709708567
  0.18896661404719045  0.19804553102305825  0.20671676773090206  0.21476917991178326
  0.22270230897789769  0.23078793753456270  0.23902915446018841  0.24728931455736208
  0.25541703093470947  0.26345943007952261  0.27146534076381590  0.27945885722453012
  0.28729483599528216  0.29516476874579728  0.30344109690694021  0.31194116317326603
  0.32057506820304799  0.32911271130234143  0.33731316781617154  0.34556504390766474
  0.35343784871566492  0.36110523784925264  0.36869536028712890  0.37642543566164777
  0.38422844496702380  0.39206537917213286  0.39998843488115465  0.40803593051649267
  0.41617181635644440  0.42429786670408004  0.43228042332968425  0.44007333959481665
  0.44784547298217731  0.45560352847077196  0.46353074016513485  0.47154442109751099
  0.47973953722442597  0.48788374842471760  0.49588814188054425  0.50375998916707088
  0.51161274400108181  0.51967517885144487  0.52739754760194535  0.53491106067149596
  0.54246738055127464  0.55032772409434394  0.55825343029492114  0.56636571674691605
  0.57487221223045881  0.58344732830768731  0.59237406278233717  0.60145443837545964
  0.61048550343146324  0.62002041382847095  0.62953348047551405  0.63928644749824604
  0.64865746508898225  0.65815284261186513  0.66770065513508980  0.67765976241637105
  0.68774591833436494  0.69786308639874428  0.70811691829598800  0.71875317079776613
  0.72975752402202865  0.74107888495356633  0.75243456476131199  0.76418971078241460
  0.77664782012877986  0.78978714343473977  0.80318735298414523  0.81680548902810735
  0.83100888433353126  0.84563659010839531  0.86139850426090969  0.87930375741629418
  0.90087089979918422  0.92428757183721610  0.95186767045551079  1.00000000000000000
 -0.01732531329161855  0.09848332089291729  0.13332534464518048  0.15523811247245803
  0.17370364004887914  0.18983347454317720  0.20425549208232641  0.21707373491857335
  0.22848006711993699  0.23905804524187257  0.24909498048904052  0.25867509688736268
  0.26794235254322607  0.27699003604722533  0.28575865478990142  0.29405587753500434
  0.30172996191083240  0.30946743312583003  0.31721380220582746  0.32481181125102576
  0.33208668019107263  0.33917128180276646  0.34617658205875501  0.35307181787466552
  0.35982750206088954  0.36665033238788663  0.37346197857240793  0.38011837979218049
  0.38673805147311363  0.39327415282118672  0.39964838492452187  0.40592409947866315
  0.41206436368237837  0.41842101344801008  0.42487428128705074  0.43126767364684421
  0.43776770297600620  0.44419569800628544  0.45046216979289283  0.45647253228546286
  0.46215217782577594  0.46778943669823858  0.47358053830212454  0.47940947422214997
  0.48505207686129526  0.49045519787377900  0.49580836725369026  0.50113402625729719
  0.50650623854083876  0.51205884740050933  0.51764718752246275  0.52319265457959740
  0.52873090734090478  0.53410125273774922  0.53952981157444735  0.54487375728872944
  0.55032771509739875  0.55593685319001396  0.56169237388413795  0.56747447446582866
  0.57324504066815107  0.57907860926422505  0.58500123756860045  0.59106772168283883
  0.59721657565925867  0.60326722397228294  0.61000759665528415  0.61680930559172420
  0.62351103377624439  0.63029533992156173  0.63718056973900883  0.64417788685490185
  0.65122119732162409  0.65838469229531693  0.66557700169858514  0.67279016453263552
  0.68015431505420210  0.68761789523162264  0.69559148963031758  0.70375276058104597
  0.71211687633864140  0.72070392126311544  0.72937308165802983  0.73831480800780880
  0.74762814880253536  0.75731462108234571  0.76764293717464138  0.77840584522114520
  0.78963635255464371  0.80157116958523333  0.81479804554938151  0.82959865637564956
  0.84694138253804574  0.86828872324872808  0.90262351159398435  1.00000000000000000
   9.7530272227204368E-002  -1.0000000000000000     
 T F F F F T T F F T T F F F F T F F F F F F F F F F F F F F F F
  <DiscreteSampler_grid>
  grouped_processes
  1 # 1 for a reference and 2 for a running grid.
  10 # Attribute 'min_bin_probing_points' of the grid.
  1 # Attribute 'grid_mode' of the grid. 1=='default',2=='initialization'
  0.0000000000000000 # Attribute 'small_contrib_threshold' of the grid.
  0.5000000000000000 # Attribute 'damping_power' of the grid.
 # binID   n_entries weight   weight_sqr   abs_weight
    10   10   2.023104049065617E+008   9.660657624901062E+016   2.023104049065617E+008
  </DiscreteSampler_grid>
