  0.00001954129644984  0.00001958176711492  0.00001963230299409  0.00001972033104762
  0.00001982826507719  0.00002000827022324  0.00002015911881738  0.00002027195792253
  0.00002039815315371  0.00002054538857917  0.00002069900141923  0.00002081052451569
  0.00002099710499187  0.00002127230513288  0.00002154279788130  0.00002191841313262
  0.00002231200753270  0.00002263725249536  0.00002294512668118  0.00002319465588574
  0.00002341665025215  0.00002366065681583  0.00002395090983487  0.00002431000959419
  0.00002475584719155  0.00002531208953736  0.00002577049389196  0.00002620907256647
  0.00002665397339669  0.00002712406088076  0.00002763453157684  0.00002814452161338
  0.00002870697715221  0.00002923923834233  0.00002972572607625  0.00003039312440376
  0.00003119176695299  0.00003202452727988  0.00003293252956526  0.00003386082801340
  0.00003487314163544  0.00003605511645732  0.00003738663312322  0.00003879727245283
  0.00004032359907501  0.00004202637643315  0.00004382969998878  0.00004592829907894
  0.00004801019452696  0.00005010697655671  0.00005218761914887  0.00005424707849154
  0.00005628041961133  0.00005828591386906  0.00006054788767837  0.00006288138303513
  0.00006530880840477  0.00006773003143022  0.00007015017615585  0.00007263226117420
  0.00007542424679214  0.00007892494144323  0.00008284932581922  0.00008763029363552
  0.00009244008405731  0.00009726943026229  0.00010221728133564  0.00010752252186862
  0.00011338572270765  0.00011963844236555  0.00012624984853946  0.00013315278406986
  0.00014043832152382  0.00014846654954174  0.00015731882169801  0.00016831247340052
  0.00017980174182965  0.00019144376787373  0.00020399095153402  0.00021851567598872
  0.00023641423671494  0.00025782000463939  0.00028251307061399  0.00031003008514386
  0.00034286878398586  0.00038028772290323  0.00042652293649450  0.00049147783200118
  0.00058620138697483  0.00069870361580880  0.00081789598369864  0.00096956183211751
  0.00128795033378245  0.00181240006360295  0.00369775527641663  1.00000000000000000
  0.00001909827333985  0.00002001488693774  0.00002135138579924  0.00002265381335787
  0.00002391304993963  0.00002499306660002  0.00002597177933988  0.00002697627750077
  0.00002799200380063  0.00002904462041462  0.00003004661387307  0.00003106227937976
  0.00003216277087943  0.00003327613881724  0.00003447151049073  0.00003576536122261
  0.00003718652979368  0.00003866372031443  0.00004031057398331  0.00004204559922977
  0.00004374985894645  0.00004560366701048  0.00004768529333002  0.00004995152344706
  0.00005232102445184  0.00005456742435939  0.00005672124618996  0.00005898206208540
  0.00006147350352269  0.00006427639882241  0.00006737696215842  0.00007087452766558
  0.00007444524857377  0.00007909383523366  0.00008338756059543  0.00008678789632325
  0.00009008716404125  0.00009339175853701  0.00009674903341168  0.00010076956573644
  0.00010568746034408  0.00011152165187566  0.00011813162109407  0.00012448944365269
  0.00013066970285666  0.00013704431479574  0.00014425312896232  0.00015337548518791
  0.00016336221881027  0.00017390334975310  0.00018469021013531  0.00019645291300483
  0.00020694664980167  0.00021654914904806  0.00022630568557598  0.00023686814634120
  0.00024896426671991  0.00026170113595225  0.00027630979768417  0.00029416786821890
  0.00031328872767773  0.00033259922728255  0.00035131415879420  0.00037240369411053
  0.00039603179262992  0.00042262961019323  0.00044920409118103  0.00047459379717119
  0.00049951478053514  0.00053346156885414  0.00056903178527805  0.00059943458098844
  0.00062710737905480  0.00065655953306979  0.00068928662367208  0.00072893011245699
  0.00077515128988518  0.00081363300368877  0.00085834201647772  0.00091104232295204
  0.00096511902425429  0.00102357862850103  0.00108058707385828  0.00113096983280814
  0.00117284107136067  0.00121390454554158  0.00126591662798114  0.00132462302994740
  0.00140864282804758  0.00152065146716616  0.00162338753890313  0.00173197781359254
  0.00191919793439020  0.00203580106554055  0.00235436815422968  1.00000000000000000
 -0.00205906128188547  0.00899435391565062  0.01948808900080250  0.03188098564239172
  0.04268589716646908  0.05307744454184931  0.06328294925332312  0.07275420553693293
  0.08203519245709755  0.09106770807119789  0.10135714450720197  0.11249490078604714
  0.12375763505236619  0.13449534743370248  0.14482701926570324  0.15591322146441464
  0.16754109515768223  0.17961129536654791  0.19173923358259232  0.20262052123439811
  0.21235203286195289  0.22185553093995655  0.23157701322786947  0.24145293833353315
  0.25081972781262857  0.26056167442956130  0.27031973131809711  0.27952297545614418
  0.28888140431444381  0.29915769334629944  0.31041785043149278  0.32250786421013394
  0.33466108197228200  0.34658991617127621  0.35878829143876156  0.37128098569644613
  0.38338063341229439  0.39485159778776835  0.40641187014165586  0.41831635988706373
  0.42948106466833175  0.43950649432214139  0.44927028737616720  0.45889320084663793
  0.46916733081237660  0.47932200540680031  0.49006282242144805  0.49923077447854736
  0.50902708396099028  0.51904563300234718  0.53083807614643996  0.54063456170589275
  0.54886701965727502  0.55682149082359955  0.56500684554712377  0.57452048515272236
  0.58556445624014786  0.59689493623259793  0.60859847883737639  0.62052773031407438
  0.63183145705240895  0.64301475078275172  0.65479360435979028  0.66645467712646178
  0.67789089183133977  0.68880245717663346  0.69963182163454041  0.70978090693205098
  0.71899214315067683  0.72823288296659971  0.73859461927506043  0.74819550838378701
  0.75747514866476917  0.76560957477118241  0.77447477074987858  0.78469652781445343
  0.79392604265673983  0.80508273542464182  0.81552401253710560  0.82640934155802115
  0.83615853118677885  0.84587297375581993  0.85659450914606616  0.86895185818955545
  0.88086754530052636  0.89208716034017799  0.90192343646929607  0.91154758610222753
  0.92229504340005863  0.93479278199455429  0.94701473547981330  0.95794523591464298
  0.96793762424626073  0.97823174784524303  0.98874514730520069  1.00000000000000000
 -0.00001483563187530  0.00004305127560027  0.00009469756522552  0.00014634385485077
  0.00020036714738709  0.00025654104391980  0.00031271494045251  0.00037130678000643
  0.00043480581502353  0.00049830485004064  0.00053942972453236  0.00057536085154754
  0.00061567810619088  0.00065779342822341  0.00069945811811913  0.00074118959484722
  0.00078388793907458  0.00082670528232919  0.00086976249492982  0.00091335272116168
  0.00095733340206660  0.00101424358685748  0.00107382454690478  0.00113972472173993
  0.00120575309293294  0.00127224552858627  0.00133961691230519  0.00140849642594528
  0.00148086382259220  0.00155571551788634  0.00163427017733896  0.00171362778097711
  0.00179397350209316  0.00187675843992992  0.00196159361664717  0.00205346628570719
  0.00214783532829155  0.00224527242954981  0.00234326531033606  0.00244788213278275
  0.00256028268690186  0.00269087232781426  0.00282492186894687  0.00296371878723487
  0.00311054373794888  0.00325780866360678  0.00340339292147202  0.00354715295822436
  0.00368855775822265  0.00382849354651715  0.00397141089415674  0.00412669099922216
  0.00428864724045619  0.00445728455676568  0.00463355782805199  0.00481467188271968
  0.00500755516127367  0.00520425221926049  0.00540856571180897  0.00562562641309807
  0.00584750198718350  0.00610602243201979  0.00635328052550803  0.00664457570631537
  0.00691406264377795  0.00716565942058302  0.00741295349079074  0.00769197839663147
  0.00799526026133894  0.00833501920360361  0.00869822805000263  0.00903896993850696
  0.00936360681341527  0.00974318876202856  0.01018984124371660  0.01087304976459859
  0.01154194198864465  0.01217645223193833  0.01288432456547957  0.01352906466326871
  0.01409806590897591  0.01462779092650537  0.01517119591174929  0.01601966292620601
  0.01653467155362253  0.01703822320209790  0.01785030754661752  0.02104776506460088
  0.02205642689513035  0.02527823566833947  0.02625683279836396  0.02785497068555435
  0.02919595691694240  0.03289956852236257  0.05708574657227192  1.00000000000000000
 -0.00237179490901445  0.01024290804610621  0.02084541814471507  0.03222657537927888
  0.04528971850146465  0.05920335804749016  0.07306446173426653  0.08549111185881968
  0.09580919546422464  0.10632265922673284  0.11706304988218205  0.12828261532188021
  0.13790531432025954  0.14629335828557627  0.15425823576262201  0.16090439053355188
  0.16799697986408521  0.17525048589893386  0.18303009455861968  0.19095194717323097
  0.19843779405971601  0.20573901772821643  0.21244618506135077  0.21882500509398811
  0.22499841505316434  0.23114473780833358  0.23813012480152268  0.24677889510765372
  0.25618405929810617  0.26571124463337342  0.27613413524510694  0.28755720296429005
  0.29922292907884440  0.31111867852987579  0.32338411016871743  0.33509312035129207
  0.34588322711355701  0.35710199499013240  0.36993897941092785  0.38384904607870723
  0.39784540897874937  0.41172218878249300  0.42284027890549231  0.43272436437397827
  0.44216294250467308  0.45134193679269535  0.46081542908035245  0.47082580677581853
  0.48305832142384347  0.49924938282858117  0.51103571198358544  0.52183204464208000
  0.53289269129080508  0.54693426665396472  0.56284408423912347  0.57967667814207979
  0.59735118682203669  0.61361136361934754  0.62701908875665524  0.63907627372308118
  0.65034251065607651  0.66244429499284818  0.67359689336923556  0.68440890304482638
  0.69549848735249298  0.70747391501181089  0.71848865534544915  0.72998843359813537
  0.74054034829621318  0.75078957864567530  0.76080571513340933  0.77110703499877853
  0.78125568281922164  0.79088963896832698  0.79916120010916958  0.80665047924915123
  0.81353436360015774  0.82011875819311075  0.82680057408649577  0.83402456396091673
  0.84238252783540901  0.85118669126762680  0.86051692316865669  0.86869785861432003
  0.87799007583411393  0.88542542768864529  0.89330059632835790  0.90136305373936454
  0.91066625097240517  0.92326925435159712  0.93702809516791630  0.95044594629633783
  0.96359378320959199  0.97635738756155077  0.98841673106336914  1.00000000000000000
  0.04125794787189103  0.13007275711943744  0.14813592925904792  0.16605706357979386
  0.18568192419132606  0.20256679923950896  0.21557910811261619  0.22812385506499244
  0.24010100481987545  0.25185359646289335  0.26276696689971263  0.27476393515392838
  0.28874788431793719  0.30156110636996153  0.31363602276706465  0.32662393070439677
  0.33878123506124480  0.34980896052289423  0.36019366933839236  0.37090075021440655
  0.38191372111541927  0.39341681072215556  0.40444825337552548  0.41511052860599940
  0.42555724483430979  0.43665221800726040  0.44824078602432588  0.45934305579273960
  0.47002970466002097  0.48049662387848158  0.49092082160331174  0.50109229008549883
  0.51090345732776421  0.52059746990575917  0.53045937187715053  0.54001547666252681
  0.54937922377274873  0.55875588749737548  0.56834038291329514  0.57812948391857222
  0.58764742266387493  0.59673066189261303  0.60545388238702569  0.61398082615524452
  0.62235169584787942  0.63065365729101597  0.63913104311965896  0.64739030808828280
  0.65565869639578456  0.66371345489476441  0.67150235776862133  0.67894505831268159
  0.68637616141358793  0.69398563712466776  0.70122347243864924  0.70806281972839935
  0.71461452401632786  0.72103914379790701  0.72757267290003347  0.73420704319291963
  0.74148392465096891  0.74847049393463305  0.75512726997930013  0.76170654042207775
  0.76829254275485293  0.77503984004687021  0.78244175109591629  0.79031175222851202
  0.79776009150763361  0.80518778071897867  0.81225086940669655  0.81989784755580364
  0.82818460968883012  0.83635857047145012  0.84423527189423431  0.85165241032620065
  0.85897125076956771  0.86666050007476370  0.87468439817465859  0.88292288633483329
  0.88997289045353845  0.89738464372017424  0.90464293136690466  0.91182599319182278
  0.91852951406108141  0.92429277144474697  0.92961745557916553  0.93555585366478966
  0.94204444946466603  0.94899403506329327  0.95593668996270287  0.96323590592841257
  0.97110836318911320  0.97975128646351417  0.98957783630720941  1.00000000000000000
 -0.01750231402037239  0.10568906041132371  0.13767292992951319  0.15867515566988055
  0.17572215467688851  0.18955101088585818  0.20088885586218008  0.21159946117091566
  0.22278854538861464  0.23430859069323262  0.24516474003513111  0.25516797739483910
  0.26346413655594580  0.27085572745649938  0.27819637949670012  0.28628596973778037
  0.29551131113177859  0.30517586107187494  0.31390108940408679  0.32127509938074789
  0.32787916074348100  0.33450431231175159  0.34118061156534679  0.34803565124445851
  0.35475479718917557  0.36189206225979492  0.36884423807521394  0.37485706533115493
  0.38167287066405109  0.38607159771547589  0.39085931982513128  0.39612314532732956
  0.40121473202196828  0.40601473575910357  0.41137108816743850  0.41745122961985720
  0.42342740211648905  0.42970777504372126  0.43571484867932930  0.44145897335477147
  0.44702037213524648  0.45329013126040962  0.45997851795416916  0.46608245035060214
  0.47235212518092934  0.47864201910019932  0.48508432790198330  0.49177096222742334
  0.49856794929606801  0.50515816711764838  0.51117470953912192  0.51665169510864550
  0.52218040485315509  0.52790239559937324  0.53411690398958822  0.53999629282070893
  0.54539044173084816  0.55067869940920144  0.55628003308293894  0.56220463561081058
  0.56785909862358330  0.57341145317524878  0.57882379436650000  0.58473973968422699
  0.59116585497109098  0.59779011132142379  0.60439474851931474  0.61093964336169293
  0.61780847065735434  0.62462366945113157  0.63199793672122484  0.63991753723486500
  0.64839627410825096  0.65721898562908776  0.66540160904419110  0.67273600123275090
  0.67964261418268113  0.68706196818934873  0.69554133285255315  0.70523094220332305
  0.71529212396887909  0.72491615137099918  0.73415364855217702  0.74337850500758951
  0.75269896229588151  0.76213406014408691  0.77193204961433493  0.78204706161146320
  0.79218042199315775  0.80262330905354262  0.81330778105311752  0.82505688163881363
  0.83862416138214668  0.86147267475791744  0.89982345789614371  1.00000000000000000
  0.99109456961934717       -1.0000000000000000     
 T F F T F F F F T F F T T F F T T F F T T F F T F F F F T F F T F F F F F F F F F F F F F F F F F F F F F F F F F F F F F F F F
  <DiscreteSampler_grid>
  grouped_processes
  1 # 1 for a reference and 2 for a running grid.
  10 # Attribute 'min_bin_probing_points' of the grid.
  1 # Attribute 'grid_mode' of the grid. 1=='default',2=='initialization'
  0.0000000000000000 # Attribute 'small_contrib_threshold' of the grid.
  0.5000000000000000 # Attribute 'damping_power' of the grid.
 # binID   n_entries weight   weight_sqr   abs_weight
    10   10   5.079219874344669E+007   6.374618144820306E+015   5.079219874344669E+007
    16   10   5.080136388314544E+007   6.374699860051606E+015   5.080136388314544E+007
  </DiscreteSampler_grid>
