  0.00005149439769784  0.00005318273755368  0.00005438323249119  0.00005545078251620
  0.00005653212320351  0.00005760163529677  0.00005871696213549  0.00005983406175573
  0.00006094365348321  0.00006205395073695  0.00006317625716089  0.00006433597414817
  0.00006555938006973  0.00006684759678705  0.00006817478509431  0.00006951661670879
  0.00007087463430944  0.00007227447049070  0.00007371434515736  0.00007523098541725
  0.00007682696995453  0.00007845504196791  0.00008010898989095  0.00008180547297335
  0.00008354386525068  0.00008535362719398  0.00008729107449901  0.00008926483902679
  0.00009127695002274  0.00009334198988571  0.00009544861975247  0.00009774731367551
  0.00010015389091898  0.00010259398602580  0.00010508474702282  0.00010763450636168
  0.00011029747880634  0.00011313732018938  0.00011602942912554  0.00011900334257604
  0.00012211103154383  0.00012540979046053  0.00012896172376408  0.00013256445061226
  0.00013625383432932  0.00014026417992360  0.00014462396274205  0.00014915050290734
  0.00015375377607275  0.00015862006700073  0.00016390331299924  0.00016937122108188
  0.00017486265233702  0.00018056316348510  0.00018674168387458  0.00019334688146676
  0.00020005257085403  0.00020719325937199  0.00021502833528741  0.00022305904746153
  0.00023162615590828  0.00024104596525277  0.00025088939766754  0.00026085378391832
  0.00027136988314876  0.00028256247316368  0.00029431078987370  0.00030723846106364
  0.00032120354401557  0.00033597364986108  0.00035185783169449  0.00036890942074218
  0.00038735307446322  0.00040748372116534  0.00042853063135509  0.00045071200098380
  0.00047449839794083  0.00050003299960049  0.00053067306004375  0.00056284352121408
  0.00059900589668905  0.00063849719003828  0.00068300088902953  0.00073211717143727
  0.00078560908649221  0.00084122319836099  0.00090946596845377  0.00098554580494952
  0.00107497326214786  0.00118518441804109  0.00132603151489354  0.00153260518873403
  0.00183147515270951  0.00213102044945025  0.00447470521992064  1.00000000000000000
 -0.00255039177572523  0.00939997831494692  0.01943309021220273  0.02989732120993763
  0.04045860435695281  0.05124789424651491  0.06219522114166641  0.07320524579301141
  0.08400034548959888  0.09470295718900382  0.10544819852613892  0.11622339355118465
  0.12695790231896517  0.13765950547384517  0.14812488060465409  0.15845587342347336
  0.16855921071203847  0.17888802014996275  0.18907111865743567  0.19941194515847782
  0.20967829342432059  0.22011196496246269  0.23021956592359788  0.24055427938574847
  0.25095983874109684  0.26202954427121183  0.27306206533639044  0.28388730025336323
  0.29475490619048306  0.30577681588247074  0.31634984369688651  0.32668720892799830
  0.33704912473845999  0.34770782506457676  0.35813525153864678  0.36817945143291259
  0.37805848798496527  0.38800096911661902  0.39830376062039913  0.40899200386029616
  0.41975204742315181  0.43033380563285079  0.44066578607037410  0.45111922899293766
  0.46171784201075949  0.47240077642642114  0.48299309171698446  0.49365858608893215
  0.50411538276401047  0.51433759029932857  0.52475735291448777  0.53525560496756097
  0.54567929619025368  0.55581712157044505  0.56602749620223958  0.57671233007167433
  0.58733482239787382  0.59779611976830360  0.60813882425561139  0.61841686024138220
  0.62882724484008290  0.63927572688158740  0.64993255125095251  0.66076057854849835
  0.67167947961118724  0.68304439976643161  0.69413314383572078  0.70535034858130974
  0.71566944796843868  0.72559287999682043  0.73564119285283336  0.74588435863376290
  0.75645906900547899  0.76687985988457952  0.77773934750441909  0.78870223061922917
  0.79955769207597505  0.80995557130889295  0.82075033069710923  0.83131076098671353
  0.84197557782117938  0.85268867900761214  0.86369489382117648  0.87465920039540845
  0.88535251933078740  0.89592947944138213  0.90631263394164308  0.91674702031897404
  0.92724708723809013  0.93766007755464309  0.94784306451741018  0.95820438410475284
  0.96890875065901405  0.97936648955121908  0.98963134948720122  1.00000000000000000
  0.01697519932204694  0.03299952427488979  0.04531317271867204  0.05775654336051003
  0.06981413622168696  0.08179042257701215  0.09368141000878592  0.10536160068751718
  0.11689101337749015  0.12829685161639218  0.13956093146808046  0.15093646063780805
  0.16242785011944544  0.17396562991541448  0.18557162864692656  0.19750903129919462
  0.20936140437151657  0.22083618864853621  0.23221299924434236  0.24360897521101543
  0.25479169314968209  0.26573877145180441  0.27673701054018918  0.28771932300619352
  0.29849618939253419  0.30889537445142740  0.31888892979753664  0.32870027787386419
  0.33859075087380719  0.34863278800132863  0.35878707026876511  0.36901110189068470
  0.37933330795653419  0.38957149675071995  0.39951990068866139  0.40932542250609982
  0.41914073843782323  0.42893283904167334  0.43860366167958997  0.44818531529222139
  0.45775457818688103  0.46721468196658089  0.47663502102038663  0.48603681153725681
  0.49545384862448155  0.50491516327780672  0.51438953801376397  0.52392091823508702
  0.53337498567483010  0.54276564882764955  0.55224801047406447  0.56171586729875111
  0.57100734875091397  0.58001158773302719  0.58903088081850030  0.59832787562448275
  0.60759379233988253  0.61687254935165226  0.62612426322345294  0.63530451249512332
  0.64451040916620395  0.65371490460962534  0.66293931358673819  0.67228770737469035
  0.68133644156031747  0.69035898772744209  0.69942846408605330  0.70865567537450780
  0.71770399478455404  0.72650057911392518  0.73519780907178112  0.74392035216170682
  0.75285707535155377  0.76206358137676666  0.77138710652744258  0.78069876156463669
  0.79011600615926969  0.79956839660185697  0.80904862118907783  0.81858026132666761
  0.82809827680399706  0.83751185828486507  0.84696912254582057  0.85634759310903164
  0.86561339102964419  0.87494455910506674  0.88424224738651214  0.89364550229454742
  0.90341388328582850  0.91356117929267633  0.92409124894914441  0.93498177193144760
  0.94649505676652534  0.95944563867604427  0.97610935839595125  1.00000000000000000
 -0.01861706849615752  0.12080387869151361  0.16696586907929045  0.19649023449665470
  0.22087556289671742  0.24170343053441934  0.26003895081287692  0.27666614988984767
  0.29210878189881767  0.30667496637314234  0.32058564169367265  0.33383504988084461
  0.34638284376298817  0.35839649363598269  0.36998869351294522  0.38111871389482144
  0.39182538975369496  0.40221552704278896  0.41239736441342190  0.42222999341047318
  0.43176986259127154  0.44106962877227579  0.45000645485963947  0.45870826711211748
  0.46708738888301482  0.47539049707986525  0.48355996887881825  0.49156311464882091
  0.49951014511565994  0.50733265617103973  0.51512966513496450  0.52273859711342674
  0.53014513932685947  0.53753199773131621  0.54481092774100970  0.55197907554288173
  0.55900915147618413  0.56589793917275977  0.57269744792999244  0.57948364310214162
  0.58615334990094148  0.59267015356897679  0.59912011274796484  0.60550853295099805
  0.61185299548010474  0.61817254917920050  0.62436173570003362  0.63041983908337440
  0.63636180193006608  0.64239304771528416  0.64843685978860877  0.65434369792045566
  0.66020891876596033  0.66597182818746137  0.67167364618465963  0.67730943748210259
  0.68286573003430129  0.68836396982831494  0.69385455800488582  0.69940437694750923
  0.70497194996389434  0.71056662310126395  0.71608422192166421  0.72154784077727419
  0.72692060565568239  0.73227338562544841  0.73761696323290460  0.74302433144060009
  0.74848577309292763  0.75393101829370390  0.75938601997971900  0.76483365761940869
  0.77021114221542253  0.77560768085005360  0.78099807821632861  0.78639706498593409
  0.79188935555962670  0.79748611920108436  0.80313650600632447  0.80883462791132521
  0.81471750695118805  0.82086534826497770  0.82716910658434117  0.83362360121449774
  0.84029433230462369  0.84711669791120137  0.85417293963136409  0.86162101232330923
  0.86954244992899965  0.87794295209341600  0.88706107476300855  0.89715884773354593
  0.90929351441703254  0.92434507888084061  0.94733662455406353  1.00000000000000000
   9.3672521365386438E-002  -1.0000000000000000     
 F T T F F F F F F F F F F T T F F T T F F F F F F F F F F T T F
  <DiscreteSampler_grid>
  grouped_processes
  1 # 1 for a reference and 2 for a running grid.
  10 # Attribute 'min_bin_probing_points' of the grid.
  1 # Attribute 'grid_mode' of the grid. 1=='default',2=='initialization'
  0.0000000000000000 # Attribute 'small_contrib_threshold' of the grid.
  0.5000000000000000 # Attribute 'damping_power' of the grid.
 # binID   n_entries weight   weight_sqr   abs_weight
    10   10   2.245469781591681E+009   1.240658959867881E+019   2.245469781591681E+009
    11   10   2.245469781591681E+009   1.240658959867881E+019   2.245469781591681E+009
  </DiscreteSampler_grid>
