  0.00001837094555350  0.00001900811091114  0.00001951946618818  0.00002001466289527
  0.00002049525139519  0.00002103827808451  0.00002170218233724  0.00002238164386499
  0.00002301711039434  0.00002373312514942  0.00002457570360921  0.00002551192207122
  0.00002649527536722  0.00002750959086086  0.00002855627060247  0.00002951023869459
  0.00003055376775307  0.00003163093821576  0.00003275849064705  0.00003391893777687
  0.00003507875261961  0.00003625333142883  0.00003745553133949  0.00003865162817528
  0.00003992579939878  0.00004132430969973  0.00004269045358928  0.00004404582647876
  0.00004539359190106  0.00004676564469588  0.00004818683703209  0.00004964952627449
  0.00005122370131272  0.00005299270585826  0.00005472180740587  0.00005646653462039
  0.00005830999315348  0.00006024830720009  0.00006222917912982  0.00006419513122438
  0.00006627231354798  0.00006844355151453  0.00007064571276148  0.00007290316213696
  0.00007528471342849  0.00007775243060928  0.00008028851835522  0.00008280556087633
  0.00008546036153111  0.00008813667842857  0.00009091487084205  0.00009380443182388
  0.00009700870742791  0.00010067253019077  0.00010449364253389  0.00010866317353390
  0.00011322125075648  0.00011795675654599  0.00012278553745078  0.00012770936625992
  0.00013281655094134  0.00013797535733755  0.00014375633127930  0.00014986574814067
  0.00015605783709045  0.00016265873382640  0.00016969070066115  0.00017713684510202
  0.00018537929434988  0.00019394491047463  0.00020292756647842  0.00021289865653135
  0.00022416158250163  0.00023609193136473  0.00024930463101500  0.00026287559396099
  0.00027833589546320  0.00029405683553292  0.00031181786099788  0.00033249634984312
  0.00035516581186752  0.00037931146020948  0.00040573713557617  0.00043501560750238
  0.00046782818530474  0.00050513409121419  0.00054607216216976  0.00059477405982606
  0.00065121150449202  0.00072241305695516  0.00081179517825209  0.00092367642944252
  0.00108250586355980  0.00143903798294080  0.07992675249162132  1.00000000000000000
 -0.00000635508625675  0.00019143618132568  0.00079081211742453  0.00187206315429579
  0.00344400706912345  0.00536631515329841  0.00765186977208540  0.01039560793962695
  0.01349980895248580  0.01694121498152111  0.02066213030132157  0.02453168586602461
  0.02890901339893298  0.03427346485126295  0.04035250360257452  0.04684040683605245
  0.05357317090799161  0.06071118808201732  0.06814820067730486  0.07608656839273800
  0.08411215849999891  0.09197671878167107  0.09966075350277495  0.10760877304142143
  0.11571893546963824  0.12414805972277343  0.13307725397450626  0.14239330720855400
  0.15188995484811441  0.16115204968053676  0.17008598413923356  0.17927361580754844
  0.18848830371989442  0.19842959890953396  0.20884948522083180  0.21927611843749673
  0.23009385494018786  0.24071475254996866  0.25181297288727267  0.26352415853350442
  0.27538212062482764  0.28742914403698400  0.29946629434938865  0.31119276320977290
  0.32305505703723741  0.33537652612612845  0.34797457491575795  0.36055232499573409
  0.37307957404903958  0.38536254677765569  0.39745696425590055  0.40936927054961703
  0.42114865675504409  0.43281308385420375  0.44425065058745034  0.45598960813117290
  0.46780860554784082  0.47972141978306382  0.49152940677328733  0.50338329840160734
  0.51522690322400921  0.52774702479436308  0.54103253530583084  0.55441812824734138
  0.56769382266936075  0.58091099093781928  0.59384071213388212  0.60695173448031547
  0.62007686801960882  0.63316054071221961  0.64631655755004236  0.65932933277814643
  0.67237731917335186  0.68599665699651891  0.69979811859321872  0.71362321689754582
  0.72754609438055740  0.74089314934874606  0.75451673646386686  0.76835270701005154
  0.78235558575754693  0.79647450544795795  0.81044529276584198  0.82516036759118605
  0.83999162511405334  0.85472039867082639  0.86942392828005288  0.88459730277135462
  0.89978325280191174  0.91483159021716076  0.92962810013212449  0.94407916107287837
  0.95806238804616173  0.97202990697663205  0.98600843716272935  1.00000000000000000
 -0.00226504854894302  0.01084461145443434  0.02162664617793879  0.03225002566357092
  0.04242059206153177  0.05253354580421021  0.06304257561714963  0.07383038358876896
  0.08482752218105853  0.09555472013152440  0.10617196560595929  0.11678977057896181
  0.12797696026264127  0.13976787453027814  0.15209796745549692  0.16421516573458844
  0.17614715378978596  0.18750350838348293  0.19781784176812350  0.20807214041366129
  0.21854325883953973  0.22875095264321482  0.23945816585904725  0.25042162942362356
  0.26225056997449686  0.27381311002483061  0.28507147006905470  0.29552776516189927
  0.30578181136444255  0.31627073431611574  0.32686666373176693  0.33737854781362364
  0.34772181275842518  0.35831382090163799  0.36910258503383703  0.37972432495162856
  0.39059039211344093  0.40190671042063464  0.41326919138406082  0.42465123907326574
  0.43624550809138363  0.44787183991001589  0.45878903972170809  0.46914249957168264
  0.47934096721185199  0.48933672384755827  0.49965866474175752  0.51068730922343719
  0.52198809732791862  0.53285746510231169  0.54387488225765923  0.55462674475938600
  0.56470682495165370  0.57390268241730824  0.58302112536542161  0.59221017472255888
  0.60184816796640417  0.61202001196509281  0.62302124633018552  0.63408736518863928
  0.64504501646994161  0.65556126828315064  0.66631547933311630  0.67678085309261249
  0.68696311028994073  0.69698191190631831  0.70717073764448335  0.71774607025062920
  0.72820723768661766  0.73866230197443106  0.74940152672331994  0.76022137055262629
  0.77117727022436111  0.78236736663367279  0.79367127880299038  0.80501907129805383
  0.81584941955841495  0.82609638140600017  0.83618853465878651  0.84547231572537385
  0.85508159283355034  0.86536997958789696  0.87552160768964460  0.88492540140770393
  0.89421607087281185  0.90404200392729628  0.91387254091545733  0.92352141683646727
  0.93319606120181020  0.94282970793407272  0.95238382444533753  0.96214171154343842
  0.97204977681465654  0.98162079492452659  0.99068717430825748  1.00000000000000000
  0.01707863987201706  0.02580760221614582  0.04110060609119098  0.05558624752492108
  0.07028625559499690  0.08418021926258698  0.09566919737285563  0.10581771372213514
  0.11588603950081411  0.12572287925519585  0.13553175931276110  0.14488247141880126
  0.15377956646911722  0.16242810342431491  0.17103813680176572  0.17982090209830290
  0.18865824765775949  0.19743512848038036  0.20635603192999286  0.21516624641956361
  0.22385185344729874  0.23229111767363772  0.24083987191636261  0.24972265985461087
  0.25878666292825869  0.26766579503529475  0.27623571193264040  0.28480724832547372
  0.29360961580894174  0.30244284161057683  0.31133608630787346  0.32025062992980824
  0.32914721169628863  0.33903225147386340  0.34984896912122204  0.36006754902549543
  0.36890804560040813  0.37859392743478720  0.38858978796740840  0.39837921709002322
  0.40792049795973578  0.41756059956957631  0.42831272918683799  0.43915130738525199
  0.44954681387068873  0.46019430801559413  0.47126008742403946  0.48305578935595234
  0.49519841699225886  0.50733034216853667  0.51910772975358177  0.53071255327542721
  0.54259476708789756  0.55501860386075896  0.56737710699076505  0.57888895284825881
  0.58959464980024390  0.59980749466445482  0.60957709635961876  0.61952581542037877
  0.62978510624162287  0.64007934076879613  0.64988711130994170  0.65882469153511847
  0.66744603850704443  0.67688655344606152  0.68638180134975946  0.69654867623183336
  0.70668445103366506  0.71761350133963975  0.72863215988622188  0.73863573128978577
  0.74788090263732576  0.75703276450216261  0.76616524505750050  0.77537231545598573
  0.78393044152956115  0.79254639644920144  0.80184814115012459  0.81116834629368872
  0.82048774928387658  0.83002752510065303  0.83997871579839356  0.84978338445732482
  0.85908590162153964  0.86848210866638220  0.87789188452683109  0.88734995090300062
  0.89655580228988452  0.90602691100046040  0.91514018753813220  0.92549454135452947
  0.93563054242533861  0.94881035555280768  0.96262496681592302  1.00000000000000000
 -0.00235473611632999  0.00902662850977554  0.01927719733407361  0.02982125170230131
  0.04061778012942926  0.05102691260118292  0.06101368398535185  0.07070368103242501
  0.08073527937058460  0.09112518873094516  0.10139334139583718  0.11194218437942660
  0.12315283820780316  0.13569643174953080  0.14808601571201394  0.15941287185584482
  0.17010004324949662  0.18065638645896745  0.19068335624222771  0.19992449067553483
  0.20916010008287939  0.21852870179982295  0.22790732066448438  0.23725174294788501
  0.24691015718989803  0.25745889187752374  0.26851455944533709  0.27917525625113149
  0.28972238846613996  0.30084676208826949  0.31261371714167824  0.32460597122173912
  0.33695668043278276  0.34987933370318264  0.36279149045184717  0.37622626507677875
  0.38890450846870717  0.40101851359834634  0.41335475148390999  0.42402978283314602
  0.43449841119644755  0.44506611219501857  0.45548710210898785  0.46590814695473204
  0.47678163959185793  0.48858390597520618  0.50011119820740479  0.51092552940535740
  0.52179232572556933  0.53291110684781007  0.54417236375600586  0.55530529239661996
  0.56590385635645346  0.57583619151851329  0.58561248614023875  0.59561449596483396
  0.60569785701651546  0.61515803944688130  0.62439730686898132  0.63421410198994610
  0.64409758639449066  0.65352759696394025  0.66277532533765515  0.67302525636671362
  0.68328864473907180  0.69300845485969642  0.70239340358826496  0.71260040011618775
  0.72317823886818433  0.73286144263910535  0.74231261771198409  0.75174053370998528
  0.76183307677258982  0.77240926108174779  0.78169308386925007  0.79059909866735112
  0.80005893634863501  0.81011715789796523  0.81973004016241557  0.82867092887981519
  0.83773387160693591  0.84730558685701907  0.85752618853870266  0.86783152210982295
  0.87856881649042728  0.88949990281892788  0.90013400231071372  0.91070205476129096
  0.92090238883630959  0.93120117972463590  0.94199151401020542  0.95363900808487212
  0.96542322708113126  0.97698320696383345  0.98870544325554666  1.00000000000000000
  0.18457464924307010  0.19183265246162501  0.19735840169053667  0.20288955215096843
  0.20872858351992871  0.21371279654174363  0.21837515162341625  0.22313015455152763
  0.22817958211387476  0.23348944992065215  0.23841044650975002  0.24322295071515534
  0.24844700729815530  0.25384317220465968  0.25886262037606550  0.26356749614439917
  0.26831829967781273  0.27283450997939940  0.27742809267737645  0.28200931627791070
  0.28686823996824434  0.29206673357550245  0.29752325560454168  0.30291595048480036
  0.30822813575200386  0.31309532891658759  0.31805528295669883  0.32263562229853043
  0.32720164851256422  0.33198381421391743  0.33711250584370794  0.34274084007394295
  0.34806614651061313  0.35327976373489145  0.35872656620570342  0.36429577577050781
  0.36989164456650897  0.37530389086688470  0.38101986356212714  0.38680383629716708
  0.39255853542585073  0.39799166348395631  0.40316242481816755  0.40840351857858082
  0.41381927876919072  0.41925229402060010  0.42470560580697192  0.43022212269779597
  0.43606560189104743  0.44179875680136360  0.44766144113257172  0.45313583052961198
  0.45854630781525518  0.46487558639403670  0.47157266050721103  0.47878895766811835
  0.48669348194541384  0.49482456933976482  0.50246571551325681  0.50958647946855595
  0.51685326196499770  0.52396932502461990  0.53099108682926044  0.53828381476905540
  0.54598312662512483  0.55364663607247910  0.56122565577591088  0.57000413744375766
  0.57974184063224443  0.58884757765010320  0.59793888018767249  0.60668886714215353
  0.61555361259383212  0.62454419190674892  0.63383260585363721  0.64357253522428459
  0.65378734702247687  0.66417935829716201  0.67471358026892980  0.68571229639279907
  0.69725404706041860  0.70921876322594635  0.72184143811414303  0.73488025975183913
  0.74827661458264427  0.76227781800816685  0.77659164125738733  0.79105998879228800
  0.80545692453210582  0.81998937539946704  0.83548203256734443  0.85322865613425058
  0.87522236787383667  0.90117894652619202  0.93581607503932573  1.00000000000000000
 -0.01687548826232626  0.09827381882037611  0.13440393474972867  0.15564788748125069
  0.17258693013167140  0.18655409366918468  0.20027584657507677  0.21259503990691328
  0.22328958085959963  0.23322504673693989  0.24301374582614443  0.25220980637302004
  0.26100267121379578  0.26956710016485030  0.27734451962665768  0.28476645782555576
  0.29222921492214399  0.29996273189827222  0.30748698042285399  0.31441346935936582
  0.32111615331743898  0.32750256604650085  0.33391699840944400  0.34060131758185280
  0.34714127426683872  0.35355459332801914  0.35985214431894325  0.36597157945828063
  0.37235268842923713  0.37876057936961488  0.38503663282422734  0.39122573566192792
  0.39747412113330244  0.40406021079541532  0.41070562901589336  0.41758952472282285
  0.42487365908328240  0.43207467266006017  0.43883264066737770  0.44523269687233274
  0.45142312025693854  0.45756646737896117  0.46286184041179029  0.46822465505043581
  0.47391486035627522  0.47974561111968383  0.48534193282020688  0.49066624470356629
  0.49596376486069083  0.50148512253115862  0.50714503801017985  0.51274169585194262
  0.51817691311088410  0.52383583851376192  0.53010666885090663  0.53660075054148704
  0.54319963214360967  0.54966133199130063  0.55587460314466774  0.56201945034203271
  0.56808430329841819  0.57420467849685386  0.58046685657504027  0.58672139122560862
  0.59298291858381114  0.59923148443634844  0.60526957558855687  0.61119579613769293
  0.61701027763711724  0.62247851905525398  0.62832822623663898  0.63422525781236994
  0.64084830065899956  0.64812463242626550  0.65589437546687868  0.66377550000679753
  0.67171837765638021  0.67966230322113719  0.68752402690923586  0.69582026635340533
  0.70457873394030135  0.71387300019515409  0.72333933346816737  0.73324482438887650
  0.74393634726805391  0.75537905455364085  0.76744643293878378  0.77955926485282412
  0.79187155209435267  0.80505587538531920  0.81820958187724246  0.83178431119058360
  0.84775084782694521  0.86669544599474102  0.90155593284633906  1.00000000000000000
   9.4532749387092260E-003  -1.0000000000000000     
 T F F T F F F F T F F T T F F T T F F T T F F T F F F F T F F T F F F F F F F F F F F F F F F F F F F F F F F F F F F F F F F F
  <DiscreteSampler_grid>
  grouped_processes
  1 # 1 for a reference and 2 for a running grid.
  10 # Attribute 'min_bin_probing_points' of the grid.
  1 # Attribute 'grid_mode' of the grid. 1=='default',2=='initialization'
  0.0000000000000000 # Attribute 'small_contrib_threshold' of the grid.
  0.5000000000000000 # Attribute 'damping_power' of the grid.
 # binID   n_entries weight   weight_sqr   abs_weight
    10   10   3.694203415084612E+004   3.336556570025586E+009   3.694203415084612E+004
    16   10   3.620830311750540E+004   3.320335737167357E+009   3.620830311750540E+004
  </DiscreteSampler_grid>
