 -0.00057016586703931  0.01209855578085677  0.01787135654031685  0.02407015499833711
  0.02884988952348003  0.03381132035703716  0.03933657313136775  0.04553270913759956
  0.05246564008296217  0.05958431809911624  0.06691877965373638  0.07420549791409285
  0.08118923928220062  0.08783341489754232  0.09447740196339745  0.10117571302109779
  0.10811923110752739  0.11529689454108211  0.12284723546621927  0.13039282713021280
  0.13797409032130681  0.14561658721824081  0.15345895551774175  0.16149686351301995
  0.16968540530674225  0.17823276159856746  0.18685044991309244  0.19554465056551704
  0.20439090855824316  0.21319757661308308  0.22213575532059465  0.23111723041003407
  0.24023569341511228  0.24956344839378028  0.25910296454773507  0.26863363152232589
  0.27814157541451762  0.28779236433721439  0.29764912167359447  0.30767346260848366
  0.31777583483040633  0.32840263583746510  0.33927480867836846  0.35015568264878927
  0.36117668436969141  0.37227779673688144  0.38351504582347007  0.39464378152473228
  0.40596887442132168  0.41772918285398264  0.42966964649487771  0.44147747143494170
  0.45323590756977938  0.46495902070448114  0.47742563902540969  0.48988554716840793
  0.50218769768812133  0.51437088912572171  0.52647280895644688  0.53929197691754993
  0.55228174356681026  0.56513618549841860  0.57783154591633423  0.59043746824350385
  0.60304633998406765  0.61573043668959693  0.62855790994955507  0.64147950759799932
  0.65429143682220370  0.66696521234083173  0.67955369057757831  0.69228761888070778
  0.70524478515810307  0.71807934051664368  0.73075130417204093  0.74325940504955579
  0.75559042596367909  0.76788331564872281  0.78033060668415888  0.79286557877681463
  0.80546402869714462  0.81775059875097955  0.83016432098078707  0.84260240022981414
  0.85489643445017627  0.86716143112954192  0.87953636381016165  0.89196158139737935
  0.90454173303731389  0.91736510832046381  0.93016288542606174  0.94270084231222917
  0.95567250624965205  0.96960832464821256  0.98429598070706725  1.00000000000000000
 -0.00246023839315121  0.00994331048653319  0.02042062824669118  0.03122721684127433
  0.04189879231792341  0.05217821925277513  0.06222652179986554  0.07278045674359759
  0.08324477338796987  0.09344572034689251  0.10369884505127044  0.11424338309990775
  0.12483865659862456  0.13477281066556263  0.14472517386353875  0.15508183686826899
  0.16551203116181629  0.17630247213384506  0.18716655324345655  0.19825627630032905
  0.20930725064385117  0.22040271456104313  0.23165760755180154  0.24252411228398424
  0.25312485666295725  0.26366363022225620  0.27396868858824241  0.28446479297902399
  0.29492513493294042  0.30580875881662262  0.31646382415599728  0.32753324485318286
  0.33875587744710067  0.34990749956575296  0.36040505512516824  0.37079632979998089
  0.38096500472010386  0.39111931824511220  0.40118617939490969  0.41136592604354710
  0.42153769000918323  0.43165600123478598  0.44162998452161362  0.45163666137371666
  0.46176112769125244  0.47213455032348384  0.48250216540685104  0.49309852959328032
  0.50403611732482367  0.51517575119258230  0.52629596726693151  0.53711769601671833
  0.54803893956813710  0.55881204559951070  0.56965349981118329  0.58034831543398591
  0.59116269049426384  0.60215157401215591  0.61297360918082178  0.62393221796143283
  0.63469751063871216  0.64535433712260670  0.65598605782809372  0.66668864668012529
  0.67734426536640602  0.68785317032061666  0.69825620107375308  0.70857340912357047
  0.71879737904802976  0.72910703636972929  0.73979294648600269  0.75065100076231983
  0.76155503700934002  0.77233143359797507  0.78288907040809663  0.79322795782230626
  0.80351643559511554  0.81388789234580239  0.82430203792443890  0.83475169587246323
  0.84523703024084074  0.85571178037910944  0.86601536418767922  0.87623248427398048
  0.88642775310105582  0.89675129051704239  0.90716766229781032  0.91741939726903743
  0.92750545470415813  0.93758524019570488  0.94816970914248488  0.95842631361302677
  0.96854192631322622  0.97875899543253164  0.98949120789391609  1.00000000000000000
  0.00585632162173842  0.00988692799829028  0.01647614059090279  0.02317273518490201
  0.03053625239954273  0.03778991415735083  0.04485540196829848  0.05168831019300877
  0.05854256139974757  0.06559044629319902  0.07272590570163091  0.07983687178466091
  0.08701245494370204  0.09436676179301122  0.10177572810866650  0.10917625189747186
  0.11651473418616937  0.12395364705912788  0.13141740444493774  0.13890571061136145
  0.14630979117237528  0.15356966479553971  0.16082200729780854  0.16820646028014000
  0.17584894847242585  0.18374602049752195  0.19175706621901525  0.19981320680938797
  0.20782101090268440  0.21583636624080696  0.22399657339711565  0.23204342378835352
  0.24020469993804089  0.24839981476079379  0.25658423700450972  0.26461337783936195
  0.27261384543799749  0.28068870779731131  0.28894037512166926  0.29730900479399691
  0.30580406299927193  0.31432666670133486  0.32270087271057762  0.33105063852412570
  0.33938698282211971  0.34775142543850779  0.35619302162600530  0.36469264035287197
  0.37325694413862037  0.38191139163674048  0.39069713195662270  0.39954260274967668
  0.40863140740785731  0.41771180814468534  0.42656682993568762  0.43542632649163515
  0.44444366540603553  0.45349102757984661  0.46242401278521839  0.47144543922436755
  0.48082272564995998  0.49075747758359023  0.50086859676278073  0.51096666214535291
  0.52123269686524532  0.53159100034950790  0.54186560190889665  0.55193861258666532
  0.56200995684540311  0.57243182829592898  0.58326800894134245  0.59440490018876158
  0.60572015999177020  0.61710771893390870  0.62871436613337006  0.64042099572451139
  0.65215600781535477  0.66393244028285636  0.67598247655088584  0.68836491512117681
  0.70090514211508104  0.71372528016243175  0.72690499231282346  0.74022478449282614
  0.75408498640909194  0.76851756677828498  0.78338800411265086  0.79868835452169540
  0.81496982739532342  0.83240722194206240  0.85137591802183032  0.87134431393919964
  0.89298577063249118  0.91863419511752309  0.95194616775575813  1.00000000000000000
 -0.01838028322742590  0.12089129237995140  0.16661711442316784  0.19572872751788889
  0.21954715531615152  0.23986352239994538  0.25813239302613966  0.27524927134155636
  0.29136327943365176  0.30620930681742037  0.32014780396908499  0.33325770127265675
  0.34567453454403002  0.35742419751755472  0.36877626742024250  0.37973643422626208
  0.39039079424115608  0.40068512046128957  0.41058603369849184  0.42018550477599470
  0.42959025864545264  0.43874900772375225  0.44769473261904652  0.45638091948517501
  0.46490979306256802  0.47322317505515182  0.48144996113268301  0.48972717568716073
  0.49789692662141882  0.50593174546428366  0.51378876628218106  0.52149430453105117
  0.52898664758940905  0.53643193999350247  0.54376807307089370  0.55099626322104089
  0.55811208703449555  0.56508235906857696  0.57191153552489571  0.57871634284060458
  0.58547830946482138  0.59209059626515648  0.59860952514207855  0.60497236951937694
  0.61120051101447237  0.61741812829692988  0.62364153162395719  0.62988461259644690
  0.63601399023861860  0.64207972392542245  0.64800459295995450  0.65385137387604630
  0.65972399118621905  0.66559714715212881  0.67144735047199600  0.67724905173383776
  0.68295659876669079  0.68856347062912249  0.69409912054000533  0.69953776374170318
  0.70491860375676252  0.71038862996154173  0.71589267694416014  0.72140322057848394
  0.72683065935235724  0.73220982623896635  0.73755998442415127  0.74291211053007655
  0.74824342751011119  0.75359507760569433  0.75902992848290607  0.76453338035314700
  0.77008431280175071  0.77567837616979562  0.78124537455947329  0.78685998803846036
  0.79252275503852099  0.79819546961947418  0.80386282015047761  0.80960181531653930
  0.81548693708987241  0.82157785555127505  0.82783547008950031  0.83419884258226906
  0.84075106424257828  0.84746387969503101  0.85444260223242408  0.86198847573907977
  0.86988873946652756  0.87823680048834196  0.88737826958522636  0.89771573773699997
  0.91013067082075860  0.92543217252368670  0.94798726563393254  1.00000000000000000
  0.19606141766012561       -1.0000000000000000     
 T F F T F F T F F T F F T F F T T F F T F F T F F T F F T F F T
  <DiscreteSampler_grid>
  grouped_processes
  1 # 1 for a reference and 2 for a running grid.
  10 # Attribute 'min_bin_probing_points' of the grid.
  1 # Attribute 'grid_mode' of the grid. 1=='default',2=='initialization'
  0.0000000000000000 # Attribute 'small_contrib_threshold' of the grid.
  0.5000000000000000 # Attribute 'damping_power' of the grid.
 # binID   n_entries weight   weight_sqr   abs_weight
    31   10   3.851839985395623E+008   1.551727426352242E+017   3.851839985395623E+008
    32   10   3.851839985395623E+008   1.551727426352242E+017   3.851839985395623E+008
    40   10   3.734597094317048E+008   1.469762703800709E+017   3.734597094317048E+008
    41   10   3.734597094317048E+008   1.469762703800709E+017   3.734597094317048E+008
  </DiscreteSampler_grid>
