  0.00002123503861666  0.00002135419490137  0.00002149168190723  0.00002167209007120
  0.00002184507991180  0.00002201343293555  0.00002218430077553  0.00002236272668363
  0.00002256027649171  0.00002275520632984  0.00002292684691898  0.00002309919791216
  0.00002327903623938  0.00002344664557865  0.00002360476655546  0.00002376592237589
  0.00002392450579660  0.00002407684171138  0.00002423746414038  0.00002439880703744
  0.00002456077370347  0.00002479347497000  0.00002510154593578  0.00002556418851781
  0.00002622993532220  0.00002680632216253  0.00002715787219167  0.00002750964264724
  0.00002784664164406  0.00002808393564771  0.00002831190268135  0.00002857710431995
  0.00002885768766286  0.00002912785869276  0.00002939032875526  0.00002965068329126
  0.00002989981412358  0.00003025700930898  0.00003083915681641  0.00003159212721655
  0.00003235565742282  0.00003305833948394  0.00003378553176174  0.00003456618886416
  0.00003543182015601  0.00003636827071036  0.00003721921218347  0.00003797556805808
  0.00003887497284138  0.00003981596315879  0.00004081087538887  0.00004217092749880
  0.00004363489003851  0.00004553090395950  0.00004748316483466  0.00004941084058782
  0.00005156810064252  0.00005345992792458  0.00005511650492957  0.00005681847766934
  0.00005892344655665  0.00006145213179625  0.00006410921163842  0.00006688021281518
  0.00006981949738763  0.00007230010172210  0.00007463810491077  0.00007727808088669
  0.00007962728109401  0.00008286814693918  0.00008698636799174  0.00009181462954296
  0.00009725362755069  0.00010350350983266  0.00011159928748679  0.00011946429834446
  0.00012698433439640  0.00013454991208186  0.00014409119675211  0.00015559330420064
  0.00016876486746420  0.00018480825701592  0.00020353544219614  0.00022555186813540
  0.00025321525125972  0.00029021356605474  0.00031884719841020  0.00034706476324051
  0.00038418124476980  0.00045614843647395  0.00056893443585587  0.00071531486425179
  0.00098280372114827  0.00144391161380870  0.00478178856242841  1.00000000000000000
  0.00001840328210324  0.00002282734670990  0.00002540013515414  0.00002768483159989
  0.00003006528103442  0.00003253921011898  0.00003514299060572  0.00003776051095920
  0.00004044792972540  0.00004341456889553  0.00004660421200403  0.00004972546936100
  0.00005289774514855  0.00005628850435124  0.00005995092743096  0.00006357342836626
  0.00006717969926099  0.00007074442731750  0.00007447055673074  0.00007869132316555
  0.00008295133922149  0.00008729707997139  0.00009227619389508  0.00009819442330841
  0.00010503083768760  0.00011202559965399  0.00011814165758938  0.00012465995065933
  0.00013194331112972  0.00013949154347458  0.00014632537642440  0.00015354498356391
  0.00016115825867408  0.00016927821382235  0.00017793782832780  0.00018729080318959
  0.00019661828802887  0.00020474357534532  0.00021211902062484  0.00021948174865621
  0.00022736560354278  0.00023700637627404  0.00025095182030259  0.00026534887761773
  0.00027723454026791  0.00028807982880718  0.00029856853091818  0.00030869585176120
  0.00032356054143029  0.00033263561709819  0.00034190997205165  0.00035163304068269
  0.00036127573850513  0.00037161458499821  0.00038214938888463  0.00039295685667192
  0.00040547000267673  0.00041909211959049  0.00043543730267057  0.00045714609823830
  0.00047926011748759  0.00050144050406284  0.00052699573418594  0.00055373586890597
  0.00057244788605576  0.00058862348100244  0.00060160658536553  0.00061275584921959
  0.00061975758745941  0.00063057105981266  0.00064586674633180  0.00066118190995274
  0.00067760761173742  0.00069401229942976  0.00070588908335527  0.00071480128586105
  0.00072336313884445  0.00073240763336781  0.00074348115285427  0.00075500348597926
  0.00076615211523262  0.00077699996833623  0.00078845221092210  0.00080052411104044
  0.00082996720695805  0.00088588813849969  0.00097269425644029  0.00105653897050000
  0.00110979564033413  0.00116278964793466  0.00121410981796342  0.00126535503180511
  0.00131498499853354  0.00136622616694499  0.00166165129014757  1.00000000000000000
 -0.00191847405313368  0.01016280169086993  0.02080169024350403  0.02954663860966639
  0.04142611752520467  0.05529551743295438  0.07097591071981760  0.08744297863496633
  0.10064887719721230  0.10939830382266587  0.11760624877892790  0.12519813388906764
  0.13119263064560532  0.13731501128357382  0.14356594320453242  0.14979215197458143
  0.15844363071969247  0.16735582209000344  0.17887472064631643  0.19410211520933118
  0.20775238829216619  0.21791335287733909  0.22652758598697942  0.23549207888299395
  0.24502450038817644  0.25437810580756237  0.26341749684838717  0.27283373036096387
  0.28385088900884214  0.29760540263693275  0.31080554130974231  0.32508591285500382
  0.33671624031656283  0.34472198580076829  0.35160412244535061  0.35937406879478700
  0.36707922796209824  0.37439935130958885  0.38262639991366665  0.39210405537533533
  0.40286950102883506  0.41314697426829894  0.42268320588621744  0.43336394865624034
  0.44708313763874996  0.46276965056996466  0.47577883594820514  0.48761146359086871
  0.50036039201152038  0.51419873586358034  0.52788279859054343  0.54038038145661771
  0.55113672163279070  0.56128898699396923  0.56777563239243412  0.57479440903747703
  0.58167534295444301  0.59390640519754867  0.60327755032359609  0.60937639317550329
  0.61614271095669315  0.62231180194028246  0.62872586469773251  0.63783491029437689
  0.64904146795363205  0.65868188004046901  0.66880882740912106  0.68076983246127809
  0.69330397536727839  0.70664719015972732  0.72082709389912869  0.73607552246389696
  0.74639556669247853  0.75422500086215694  0.76115830821973085  0.76905848638823660
  0.77977684677454928  0.79151425278037713  0.80404135588602810  0.81641654573473477
  0.82885867900361709  0.84039879976544607  0.85182126689548388  0.86421297799475705
  0.87816943878176790  0.89131601403976379  0.90404567977238637  0.91650496757387678
  0.92724102774572481  0.93815647796541457  0.94878334788938912  0.95634823876711395
  0.96476744580482565  0.97308507602450423  0.98403588247066043  1.00000000000000000
 -0.00000582090405016  0.00001333195633902  0.00003248481672819  0.00005163767711737
  0.00007079053750654  0.00009512447465009  0.00012476484174954  0.00015440520884899
  0.00018404557594844  0.00021463344697155  0.00024724890178900  0.00027986435660646
  0.00031247981142391  0.00034956617356516  0.00039071689021579  0.00043186760686642
  0.00046655544959298  0.00049518659343925  0.00052381773728552  0.00054883285730460
  0.00057149637989054  0.00059426156058989  0.00061773771054502  0.00064121386050015
  0.00066819806443766  0.00069647891233004  0.00072413321796276  0.00075156972445579
  0.00077897303653931  0.00080636162858866  0.00083581973278055  0.00086644225824337
  0.00090014690662891  0.00093525345403139  0.00097348611584562  0.00102672302492483
  0.00108404469207743  0.00113471088761295  0.00118519619400114  0.00123521430291794
  0.00128379933802143  0.00132862299241905  0.00137379184326167  0.00142713652216365
  0.00148912650216218  0.00159576980388140  0.00171944174477090  0.00188061091226928
  0.00206392307601145  0.00226619185365590  0.00248779767096736  0.00271588361776957
  0.00294512602291534  0.00317322842599850  0.00340146438709097  0.00362927228512815
  0.00385912985126400  0.00411944250737017  0.00441576745018134  0.00473458671603302
  0.00509236320609132  0.00551603380240289  0.00588420154620924  0.00622573636809256
  0.00657891431148265  0.00698873958881294  0.00739084159710472  0.00779385421801515
  0.00822339690113809  0.00886366207835657  0.00949183308278692  0.01011276691694910
  0.01074783290462465  0.01137697221134959  0.01201489653958144  0.01263157756236948
  0.01327969853070422  0.01401108292068452  0.01480485749993722  0.01571690943505574
  0.01672849702861397  0.01758468705991266  0.01859408211608211  0.02002311816351885
  0.02221146115604732  0.02374039596341032  0.02511958464134754  0.02644843672443450
  0.02791984350837644  0.02972448610511415  0.03156181904590097  0.03366939081822702
  0.03573495744727595  0.03913712599669891  0.08570626035112315  1.00000000000000000
 -0.00248543700041940  0.01167287267988072  0.02076361791072631  0.02787470819084233
  0.03384780425823408  0.03958988383365419  0.04538810732453681  0.05139095029761534
  0.05863477464122509  0.06380062786471313  0.06826628165068073  0.07285766471786699
  0.07768272963853308  0.08370780932458716  0.09011650190459092  0.09755311599313624
  0.10553281389530822  0.11213646258516745  0.11729347441150373  0.12216857471738479
  0.12727911049246127  0.13361073410212615  0.13731647418818996  0.14077144969291744
  0.14423183245758037  0.14803907432493635  0.15282031705971941  0.15841340716211799
  0.16516275034977940  0.17184796328035609  0.17772643743377584  0.18205083808730665
  0.18593996841583496  0.19018579349904471  0.19553430852134840  0.20350607580659907
  0.21328037338141273  0.22329566386862812  0.23333997350163510  0.24482509179877915
  0.25859404393535274  0.27248263182866306  0.28781175627166511  0.30231002990259120
  0.31792622546965210  0.33604473971769550  0.35860098965745119  0.37817152907945484
  0.40033303223678463  0.43267674406221912  0.46959051227525922  0.50454643957343559
  0.53150522798623634  0.56362648388571790  0.58763175110683796  0.60281246795076970
  0.61681336277135390  0.63236384163282011  0.65767007278886236  0.67331838816344602
  0.68456552928281689  0.69502422391379570  0.70450478194558452  0.71530189889166584
  0.72828332672703178  0.74203493278366128  0.75650869783890184  0.76834561557181025
  0.77783955050271814  0.78684653333748877  0.79532087809501606  0.80343595122073519
  0.81217456636957064  0.82121038458382811  0.83051974051371935  0.84210381005209844
  0.85274093227466596  0.86303350897132569  0.87271972513155172  0.88113992064965341
  0.88983569662616724  0.89860097636509884  0.90798565140680798  0.91672964846238714
  0.92288129451681533  0.92774662714722222  0.93239452946999568  0.93765481857408584
  0.94280397191006904  0.95058175687230173  0.95840246461883449  0.96628210986768159
  0.97325598818295955  0.98096914309912320  0.98987881895749930  1.00000000000000000
  0.10463827314381760  0.14469082531222274  0.16966591962051586  0.20362955099979510
  0.23017011308868793  0.24883934515996567  0.26654951180304198  0.28737285076860969
  0.31206654066083522  0.33770520373622354  0.36070246440341075  0.38154991665531862
  0.40167850360155949  0.42255808367901454  0.44313925062744453  0.46213049283756735
  0.47945396508114430  0.49554437234626242  0.51051760158232606  0.52451280011331225
  0.53780898123102727  0.55047636616218709  0.56291158068211544  0.57538614962280799
  0.58752576384284938  0.59900073316365554  0.60948324266617249  0.61996052709332394
  0.63014840327832333  0.64027924074419351  0.64941431808265060  0.65792277097915830
  0.66662348850485931  0.67537969251696717  0.68387841227333535  0.69220722282041791
  0.70052366284196510  0.70911285540252267  0.71748070988170887  0.72482381949432273
  0.73160690914855420  0.73744206074430729  0.74335028617876509  0.74922872173567356
  0.75532544589634987  0.76170773494241140  0.76832272876198315  0.77519689024002791
  0.78195278426898696  0.78887931165637082  0.79526760919632178  0.80103405579633269
  0.80791090484015582  0.81524191774341381  0.82454387129140916  0.83363857613396619
  0.84246109028034677  0.85088053628456117  0.85859162056854499  0.86519666400773498
  0.87146825455678778  0.87748526990050602  0.88358144041116982  0.88952950503628303
  0.89503125356152236  0.89979795013832820  0.90408644399961913  0.90821882920696229
  0.91201175115160371  0.91587348071710883  0.91962733954633669  0.92373555171942257
  0.92829661949919418  0.93245567943449603  0.93612424816296669  0.93966438306123135
  0.94289975738010867  0.94622472232745491  0.94986044731358521  0.95362061687502364
  0.95741489404564528  0.96132971649244570  0.96562427598037093  0.97016590205719200
  0.97431116094882697  0.97795660365819093  0.98132279773173348  0.98403791696351539
  0.98633541974903438  0.98822844635270657  0.99024039956469267  0.99192892192077586
  0.99372367832447828  0.99554518645802959  0.99761351347090443  1.00000000000000000
 -0.01526698446307815  0.09478835171542482  0.12554656429498398  0.14356848065402608
  0.16679926747875728  0.19086246368605739  0.20936946419522950  0.22499664263922289
  0.23584161234514925  0.24601059841328601  0.25601539694617831  0.26675355861987121
  0.27825766042407019  0.28756105291862222  0.29566545413211215  0.30448754526855892
  0.31383692827525134  0.32368827385881899  0.33425215925600593  0.34428547031897677
  0.35417066853504481  0.36467101389062367  0.37471382288327337  0.38206417935734827
  0.38867120407008959  0.39522205701196855  0.40011994296101222  0.40772267488482783
  0.41833827288238773  0.42630581790249200  0.43409795033451137  0.44208597653574533
  0.45074110754881702  0.46042984586190627  0.47065272359776578  0.48075831360582127
  0.49022146182341403  0.49860936608268108  0.50475537818938376  0.51081967952846052
  0.51707862621111544  0.52378227617937534  0.53024620174440196  0.53728333002283735
  0.54446759044707116  0.55056972043593921  0.55417059952459313  0.55755261722591154
  0.56104346683827355  0.56487936555019547  0.56950439698918265  0.57434065658632949
  0.57964915853904198  0.58652229195403105  0.59380857912666840  0.60069157479165647
  0.60770321140042016  0.61555139612259546  0.62194844057389920  0.62774602896567233
  0.63318471220639372  0.63874907401401215  0.64646311353790964  0.65478185748219186
  0.66265113837119072  0.67074644773467618  0.67711395336476410  0.68276680212632879
  0.68854848934040080  0.69490415843564601  0.70216462456466811  0.71043177023344384
  0.71990520776742006  0.72896153936661312  0.73765711742797913  0.74606174458418384
  0.75400758399946965  0.76250000480627300  0.77077216242255808  0.77810303349084875
  0.78486076936928639  0.79171380129539393  0.79906236741831627  0.80765730130262670
  0.81627483163669234  0.82542185646529220  0.83467011122618073  0.84723992104495771
  0.86040282843246085  0.87334157155178727  0.88434786111762997  0.89498391465500160
  0.90542928673230694  0.91724717069723372  0.93993917501870694  1.00000000000000000
  0.85061612344831516       -1.0000000000000000     
 T F F T T F F T F T T F F T T F F T T F F T T F T F F T T F F T T F F T T F F T F F T F F F T F F T F F F T F F T F F T T F F T
  <DiscreteSampler_grid>
  grouped_processes
  1 # 1 for a reference and 2 for a running grid.
  10 # Attribute 'min_bin_probing_points' of the grid.
  1 # Attribute 'grid_mode' of the grid. 1=='default',2=='initialization'
  0.0000000000000000 # Attribute 'small_contrib_threshold' of the grid.
  0.5000000000000000 # Attribute 'damping_power' of the grid.
 # binID   n_entries weight   weight_sqr   abs_weight
    28   10   4.113637403115396E+007   3.469673407893263E+015   4.113637403115396E+007
    31   10   9.100435606921771E+007   1.693313594814618E+016   9.100435606921771E+007
    32   10   9.100435606921771E+007   1.693313594814618E+016   9.100435606921771E+007
    34   10   4.113637403115396E+007   3.469673407893264E+015   4.113637403115396E+007
    37   10   8.622342384618977E+007   1.525000997859905E+016   8.622342384618977E+007
    38   10   8.622342384618977E+007   1.525000997859905E+016   8.622342384618977E+007
    43   10   8.823784563454299E+007   1.610733149580682E+016   8.823784563454299E+007
    44   10   8.823784563454299E+007   1.610733149580682E+016   8.823784563454299E+007
    46   10   8.622342384618977E+007   1.525000997859905E+016   8.622342384618977E+007
    47   10   8.622342384618977E+007   1.525000997859905E+016   8.622342384618977E+007
    52   10   4.113637403115396E+007   3.469673407893263E+015   4.113637403115396E+007
    58   10   4.113637403115396E+007   3.469673407893264E+015   4.113637403115396E+007
  </DiscreteSampler_grid>
