  0.00002228096352939  0.00002318776821808  0.00002398941042778  0.00002462473852179
  0.00002521342108996  0.00002581445993641  0.00002638841263087  0.00002688589151518
  0.00002739470214302  0.00002809991075026  0.00002892028793102  0.00002977149451773
  0.00003068250276512  0.00003160506563565  0.00003251775312659  0.00003350588282855
  0.00003453278187345  0.00003567652942573  0.00003698607354068  0.00003824476368031
  0.00003951388794216  0.00004092843005445  0.00004241304270414  0.00004400202269704
  0.00004571123968240  0.00004756162912958  0.00004946115747237  0.00005144542861974
  0.00005356577102274  0.00005570343363836  0.00005795043964990  0.00006027651687641
  0.00006266425544631  0.00006499049877259  0.00006761953225541  0.00007028945548402
  0.00007302100731153  0.00007594587186988  0.00007894772614843  0.00008201323916537
  0.00008535817882960  0.00008891681125817  0.00009244139918104  0.00009591097688511
  0.00009947702205321  0.00010317335580182  0.00010702414530372  0.00011117667653070
  0.00011569130700002  0.00012049044040175  0.00012567700875420  0.00013117855300576
  0.00013696049628354  0.00014317438290020  0.00014993211876685  0.00015705200162148
  0.00016437193148684  0.00017175193255104  0.00017921493168803  0.00018749676963882
  0.00019656611093442  0.00020565124895951  0.00021480604847816  0.00022390600698766
  0.00023357335754813  0.00024471081127052  0.00025626664427370  0.00026659976772362
  0.00027800880518254  0.00028980164800385  0.00030417425443960  0.00032121267639263
  0.00033873101079042  0.00035775554373372  0.00037779604508773  0.00040213837892366
  0.00042575451520161  0.00045149311479033  0.00047702677054356  0.00050507865807738
  0.00053678622830571  0.00057328772473632  0.00061279714418900  0.00065643942682438
  0.00070569151580500  0.00076191731710986  0.00082531595863444  0.00089787208383438
  0.00098406449228894  0.00108325469513050  0.00119661976012709  0.00133075654092951
  0.00151987886687844  0.00180277599667340  0.01313325330452631  1.00000000000000000
  0.00001880867816395  0.00002053697372885  0.00002181725925218  0.00002319635281525
  0.00002441445614029  0.00002565400443831  0.00002688616222577  0.00002813028638400
  0.00002943245906630  0.00003083444767586  0.00003229504504224  0.00003376047231004
  0.00003524309438360  0.00003682101781113  0.00003841408395280  0.00004015962514451
  0.00004205010979762  0.00004391306577188  0.00004578514613861  0.00004756796351432
  0.00004929512979068  0.00005101747795073  0.00005275681958049  0.00005463138844589
  0.00005661734758555  0.00005870765421362  0.00006089713963528  0.00006309711338493
  0.00006538108697871  0.00006786051774982  0.00007030218776653  0.00007269226404435
  0.00007518810939857  0.00007784875182167  0.00008064625975685  0.00008340626825247
  0.00008632514503392  0.00008941982372974  0.00009265661199343  0.00009611815351448
  0.00009976877161026  0.00010345330431256  0.00010723488836659  0.00011128601856427
  0.00011527041656689  0.00011930858553639  0.00012354448822113  0.00012810559857164
  0.00013299871628429  0.00013797809585570  0.00014325565189128  0.00014898580425259
  0.00015486133926869  0.00016132857900774  0.00016821990631115  0.00017504157027384
  0.00018231438118585  0.00019010929018535  0.00019822642491267  0.00020656946265327
  0.00021485521395627  0.00022283506616058  0.00023095011748114  0.00023935206596144
  0.00024782378095881  0.00025662637801304  0.00026638610244663  0.00027813815492378
  0.00029048922627044  0.00030317647643417  0.00031646072078345  0.00032913585871376
  0.00034178564835624  0.00035621518544791  0.00037115675621721  0.00038964032283131
  0.00041237430563829  0.00043893283113964  0.00046911386596806  0.00050076201559034
  0.00053517093409763  0.00057377362096265  0.00061746411336263  0.00066168596372439
  0.00070996271039874  0.00076606203046463  0.00083356053743101  0.00092439888294485
  0.00101558725978138  0.00111451166083241  0.00122263449045753  0.00135387061215801
  0.00157339048950889  0.00201918336206329  0.00410158420996104  1.00000000000000000
 -0.00322435666885365  0.01205632223242476  0.02473505290516333  0.03732978527057602
  0.04944307707532108  0.06075352481675494  0.07120843321693913  0.08120373161828758
  0.09180918231059752  0.10258210493494568  0.11296038954909975  0.12350947743933573
  0.13505437721597888  0.14708761974130868  0.15878657898156390  0.16983296178407456
  0.18002278354039125  0.18970455043100423  0.19918088984061869  0.20894600263815732
  0.21877270252630540  0.22827894647927607  0.23754850830275853  0.24709393010450367
  0.25744713591562340  0.26848912381391393  0.27995113060321813  0.28986531558289591
  0.29956413562079914  0.30862145516581702  0.31728846212136780  0.32567308720460592
  0.33416423982229637  0.34303806323702224  0.35226591070688895  0.36080822998957368
  0.36900123114135142  0.37740966936728287  0.38639088251696063  0.39576521610712978
  0.40492561486735773  0.41426737117485973  0.42376141925149008  0.43388142735107366
  0.44366438186491158  0.45421340143012845  0.46556084589616714  0.47738847516369198
  0.48927552193812740  0.50055311090513233  0.51155654936519335  0.52212691637019393
  0.53301081841482545  0.54381253429377852  0.55438359613887722  0.56534492634825573
  0.57665488276911003  0.58788903787981017  0.59884861063697337  0.60942158039939376
  0.62014297096832982  0.63100024369000773  0.64208929773263346  0.65281922866845266
  0.66268667518137436  0.67220444339930863  0.68201581745245665  0.69246259967574531
  0.70367618646086305  0.71471538839392457  0.72586545588024043  0.73651670333341279
  0.74727898907402412  0.75818975332424754  0.76940222388025459  0.78013509975632600
  0.79096195931721947  0.80234884778819215  0.81342969987150260  0.82342682308600357
  0.83342497949857930  0.84390789753388606  0.85530881637165468  0.86639657899326983
  0.87742058574991211  0.88854716034441461  0.89968599064359656  0.91047300429565747
  0.92082181445699007  0.93086829287209727  0.94087279562490056  0.95140217657749693
  0.96257466463425467  0.97469983960025652  0.98712692393976953  1.00000000000000000
 -0.00006774142425297  0.00021769289039706  0.00044104586826841  0.00056564774879927
  0.00068610840694790  0.00079831250681226  0.00090953268370759  0.00102554950692852
  0.00116277221788835  0.00130036458397771  0.00143827525119230  0.00157406069939687
  0.00171028211791834  0.00184919744233929  0.00198738173427501  0.00212511299730858
  0.00227032539326795  0.00241578973739864  0.00256153281699391  0.00271968804975182
  0.00287688243826046  0.00303069490340951  0.00319497610270400  0.00335546016285400
  0.00350633973656227  0.00365675742783129  0.00380553265868451  0.00393597604978681
  0.00406337053933619  0.00417798248984979  0.00429176530684915  0.00440124417331856
  0.00451071647742079  0.00462000912589181  0.00473043117236575  0.00485695696914677
  0.00498717344173643  0.00512340295670718  0.00526871331326547  0.00541083950606122
  0.00554516152984893  0.00570219650054210  0.00586215368887957  0.00601792740273372
  0.00622409498609090  0.00642756169053844  0.00664101229593046  0.00687412892110418
  0.00710754795021082  0.00734039993629991  0.00759101888806678  0.00782162077318008
  0.00802787881814788  0.00822803133531099  0.00844308250061391  0.00873201860530373
  0.00913039987592537  0.00953858710628635  0.00977221364457399  0.00994079881491315
  0.01005077511670234  0.01016143375465904  0.01027371807126939  0.01038895871048324
  0.01050969514374567  0.01073672127273974  0.01094727077883171  0.01109456887747621
  0.01129137557030157  0.01148700240113420  0.01166135094654013  0.01187138193625934
  0.01209882852673641  0.01232311492398024  0.01255493621915229  0.01284627399380866
  0.01356747869268904  0.01427440615838431  0.01464872222340440  0.01485842785451415
  0.01506721097246095  0.01530418242064885  0.01558361121696010  0.01583687898272145
  0.01611774446372444  0.01652769548465677  0.01743699567699489  0.01832614572941624
  0.01952469516377196  0.02029731369336667  0.02210310119534768  0.02307652978844493
  0.02370212796216172  0.02586727309966263  0.05767047869270539  1.00000000000000000
 -0.00177408924220567  0.00919971345689544  0.01716160139149616  0.02480950725418699
  0.03250278057530061  0.04113918421045823  0.05124142810067807  0.06192130546520284
  0.07281150651077087  0.08339428277807705  0.09425747098686282  0.10483962410407845
  0.11426719057466485  0.12331843130630517  0.13209827543037927  0.14151634850383946
  0.15182286699782430  0.16276825455920790  0.17386433676352034  0.18482471896995833
  0.19568039412583565  0.20684492760145157  0.21734437249644903  0.22748774371729191
  0.23775605660723476  0.24908234057275805  0.26170739724473785  0.27441122147409125
  0.28639263306934909  0.29776939171584266  0.30913727051708662  0.32043301195597523
  0.33166757229662591  0.34283169814445019  0.35397763172232521  0.36485169153460423
  0.37590053223361525  0.38769678400645613  0.39942250666231610  0.41078837405699248
  0.42144632512016300  0.43161628579042249  0.44171756447270427  0.45145323377993574
  0.46138795862818172  0.47137888165196562  0.48139900795110163  0.49118350414820183
  0.50136034029708187  0.51292899064270103  0.52588306365068360  0.53892671781019263
  0.55140554742154380  0.56306819743711600  0.57398825270794729  0.58508931807221065
  0.59566346410955517  0.60602461773645988  0.61665038318985499  0.62754752777857059
  0.63885936698093071  0.65001160699277349  0.66077220828851291  0.67195745643471461
  0.68238607127006146  0.69325428142962653  0.70367070569401347  0.71513217212359792
  0.72717736775530850  0.73966877327667779  0.75119270953646156  0.76316681914612905
  0.77469164331754392  0.78633726261239600  0.79780350067391703  0.80937452337520799
  0.82036300043229071  0.83042259805009000  0.84001888121993296  0.84996335216648500
  0.86143047657498029  0.87248631149401701  0.88221301255306539  0.89113141487559522
  0.89990876910236228  0.90889146008465083  0.91794487025015903  0.92670527021275328
  0.93530886009071201  0.94429999776555651  0.95337578365093678  0.96324853590505755
  0.97218323497267711  0.98107333145410203  0.98963052864386658  1.00000000000000000
  0.06256665641989018  0.07613414395892057  0.09970507786573433  0.11920747207616053
  0.13616823436560596  0.15115822982279614  0.16385221076985113  0.17569786099049545
  0.18693613500745826  0.19821532119015817  0.21007712586012903  0.22264618779002848
  0.23583719795983374  0.24951457928726525  0.26234837344340262  0.27504194754469719
  0.28767946640111164  0.29942283578171641  0.31099949422302531  0.32334430421121529
  0.33643160647250225  0.34933834311958001  0.36181383232326986  0.37364174936461847
  0.38490194982428128  0.39577573612025196  0.40648807838814816  0.41722779312262459
  0.42817085989462239  0.43915258419225739  0.45005133261918245  0.46089255159929721
  0.47146033156157785  0.48185836251492636  0.49239241049567656  0.50275127927892171
  0.51266889328188348  0.52283766870911175  0.53326900481451955  0.54351777560645054
  0.55324219428310828  0.56250794606524357  0.57161873727391255  0.58073520531678768
  0.58991742197591601  0.59898047323597314  0.60782789284943339  0.61644734289007241
  0.62502685365664590  0.63332176312316801  0.64115196824277854  0.64865485017249347
  0.65588585349865358  0.66318452281891183  0.67051266347450600  0.67773424694687223
  0.68465637708325189  0.69108713824600676  0.69747461692799240  0.70373018452353708
  0.70990926599724002  0.71609595994671660  0.72220977434845113  0.72839531531528745
  0.73460763390905137  0.74082985400270662  0.74733761936473520  0.75335739016364256
  0.75932554958527887  0.76536067026512922  0.77232075473700534  0.77973358822027472
  0.78759219211989306  0.79562026966884225  0.80366472852945015  0.81161628423812204
  0.81926832006987682  0.82678311723021236  0.83429972655617368  0.84197702119954987
  0.85037953475311956  0.85942557012043497  0.86866537776846142  0.87754627699814447
  0.88589655470943363  0.89363223695848848  0.90185284898221052  0.91070012998367644
  0.92030326352530289  0.92936069663358833  0.93777685744808381  0.94654531619650373
  0.95646105214109745  0.96803731363793533  0.98210714094268414  1.00000000000000000
 -0.02011676354857775  0.12491241728457861  0.17174003415006034  0.20285638400998690
  0.22806773876042299  0.24969200496426627  0.26907946082382705  0.28702460161817156
  0.30403384356661495  0.31979368036415579  0.33428043264792828  0.34832425126015087
  0.36222667082336951  0.37508242245713164  0.38554232938629213  0.39489578703095407
  0.40399766315526070  0.41406877947149867  0.42435458877284249  0.43334568747661245
  0.44230901247209314  0.45097655945884757  0.45986654051870518  0.46830173867628722
  0.47694226699443659  0.48564456924181332  0.49422023767577838  0.50250311164632422
  0.51018985806856709  0.51767661288710010  0.52479205136308849  0.53167569944359006
  0.53860345609658267  0.54546703471162916  0.55219744196747955  0.55897573916701548
  0.56564696175803819  0.57201018429964279  0.57829699945201762  0.58444986835829782
  0.59082093363627874  0.59729434287718808  0.60376932274752015  0.61015365383306830
  0.61645821952286561  0.62264994884449132  0.62859062482140060  0.63423334948881949
  0.63975338211598043  0.64524893865625232  0.65054397156421007  0.65531379291525682
  0.65960883874861975  0.66375930319892251  0.66818068399018093  0.67332457867985818
  0.67904177568434232  0.68501711112789454  0.69077253997153509  0.69627698682606065
  0.70145506813688618  0.70664919939064819  0.71186636139797055  0.71700066847652189
  0.72223945900109543  0.72744648922620270  0.73256066653310248  0.73764205458014398
  0.74264931355864983  0.74768335700844735  0.75270850824471291  0.75779289951724504
  0.76320576697913411  0.76869377570576058  0.77440971670491809  0.78022550813947500
  0.78602081808720747  0.79195828068806684  0.79799333411112006  0.80370260125100645
  0.80943266106211997  0.81517582921178289  0.82106276387981592  0.82715278990835250
  0.83347254681956962  0.84001459988702276  0.84673396115585597  0.85377605058320394
  0.86157131500187700  0.87054464116438690  0.88058205173777071  0.89119628973551035
  0.90311542198546113  0.91849124592513853  0.94380564190922378  1.00000000000000000
   1.3351057586570198E-002  -1.0000000000000000     
 F T T T T T T F F F F F F F F F F F F F F F F F F T T T T T T F F T T T T T T F F F F F F F F F F F F F F F F F F T T T T T T F
  <DiscreteSampler_grid>
  grouped_processes
  1 # 1 for a reference and 2 for a running grid.
  10 # Attribute 'min_bin_probing_points' of the grid.
  1 # Attribute 'grid_mode' of the grid. 1=='default',2=='initialization'
  0.0000000000000000 # Attribute 'small_contrib_threshold' of the grid.
  0.5000000000000000 # Attribute 'damping_power' of the grid.
 # binID   n_entries weight   weight_sqr   abs_weight
    10   10   3.166167329759527E+006   4.100355879079885E+013   3.166167329759527E+006
    11   10   3.166167329759527E+006   4.100355879079885E+013   3.166167329759527E+006
    16   10   3.166167329759527E+006   4.100355879079888E+013   3.166167329759527E+006
    17   10   3.166167329759527E+006   4.100355879079888E+013   3.166167329759527E+006
    22   10   3.166167329759527E+006   4.100355879079887E+013   3.166167329759527E+006
    23   10   3.166167329759527E+006   4.100355879079887E+013   3.166167329759527E+006
    28   10   3.166167329759527E+006   4.100355879079887E+013   3.166167329759527E+006
    29   10   3.166167329759527E+006   4.100355879079887E+013   3.166167329759527E+006
    34   10   3.166167329759526E+006   4.100355879079884E+013   3.166167329759526E+006
    35   10   3.166167329759526E+006   4.100355879079884E+013   3.166167329759526E+006
    40   10   3.170866740348448E+006   4.104038469859671E+013   3.170866740348448E+006
    41   10   3.166167329759526E+006   4.100355879079880E+013   3.166167329759526E+006
  </DiscreteSampler_grid>
