  0.00001881738031146  0.00001912106387939  0.00001941986026161  0.00001971214641809
  0.00002000811289356  0.00002031615684317  0.00002065180944548  0.00002102572401416
  0.00002143075338458  0.00002185211680429  0.00002226852762865  0.00002267760896045
  0.00002308783190263  0.00002351472407070  0.00002395539675226  0.00002443687214084
  0.00002491266228272  0.00002538819340851  0.00002586245133610  0.00002632978167387
  0.00002682805632359  0.00002738961079279  0.00002797806048929  0.00002858111420274
  0.00002920156843286  0.00002981309295706  0.00003044985799157  0.00003109895618391
  0.00003175039679372  0.00003241016444228  0.00003307341213563  0.00003373178219009
  0.00003440849074730  0.00003511655967931  0.00003589856041079  0.00003671268751275
  0.00003754827938536  0.00003840119978440  0.00003927984195187  0.00004020710850045
  0.00004116065662419  0.00004213041221652  0.00004312441233835  0.00004416648970696
  0.00004532034628501  0.00004652876376213  0.00004776709688469  0.00004901211848219
  0.00005025105850855  0.00005161597820084  0.00005305839506749  0.00005454420380176
  0.00005609068601966  0.00005775274603901  0.00005958362368883  0.00006143977291781
  0.00006329105044625  0.00006522997450682  0.00006726004734340  0.00006940051741215
  0.00007159906495166  0.00007400421879712  0.00007668838083610  0.00007949273544431
  0.00008235107513031  0.00008538944865521  0.00008871080448287  0.00009225795594734
  0.00009610837731824  0.00010045670689877  0.00010508608197421  0.00011021295630834
  0.00011594475545487  0.00012210131990443  0.00012889141378023  0.00013617994895391
  0.00014468733252063  0.00015402332273977  0.00016482662601637  0.00017641705148982
  0.00019039318819829  0.00020602720174360  0.00022508290343731  0.00024674245478080
  0.00027202899812874  0.00030055567698607  0.00033326440949269  0.00037701312034899
  0.00043439322974233  0.00050640916934647  0.00060427377930583  0.00074202090003948
  0.00094857178852461  0.00129936406685250  0.00228946652769188  1.00000000000000000
  0.00002024626277551  0.00002150836089666  0.00002453404653702  0.00002766819352571
  0.00003095751992609  0.00003459396665610  0.00003873194939873  0.00004330569086920
  0.00004837128253915  0.00005384546658855  0.00005967451051746  0.00006558293953619
  0.00007150929951478  0.00007756260534829  0.00008373066060465  0.00009009446997807
  0.00009676135300153  0.00010383703450133  0.00011090982129954  0.00011794758990732
  0.00012516326346899  0.00013270751589971  0.00014065393297189  0.00014897446609180
  0.00015766852414906  0.00016694527422653  0.00017662338401625  0.00018632759870628
  0.00019603204065020  0.00020585041090903  0.00021642866545323  0.00022688427845939
  0.00023828718763940  0.00025031478733030  0.00026272034226184  0.00027613624543584
  0.00028967127900404  0.00030356692616373  0.00031827724409487  0.00033366273270652
  0.00034962065380671  0.00036641581628172  0.00038288836081939  0.00040001516078774
  0.00041715667477987  0.00043450195994199  0.00045264381106702  0.00047157132057334
  0.00049067777306614  0.00050957294304247  0.00052820897442088  0.00054700936257521
  0.00056719302682218  0.00058992203193508  0.00061370875163874  0.00063746854034625
  0.00066208433400758  0.00068535268946091  0.00070753277467081  0.00073010833740338
  0.00075511193386380  0.00078215204052149  0.00080928365854551  0.00083700183144943
  0.00086557662054238  0.00089457606887956  0.00092460531294139  0.00095697242651276
  0.00099174709824809  0.00102605360716933  0.00106196093133127  0.00110314938385677
  0.00114568640625977  0.00118914547703308  0.00123566276004071  0.00127514368524388
  0.00131401213455371  0.00135295492679174  0.00139012359911929  0.00142506071149043
  0.00145788173454016  0.00149423569212973  0.00152977811907709  0.00156541778190750
  0.00160509079287683  0.00164600893227418  0.00169065583903565  0.00173768043233525
  0.00178264666082943  0.00183217905545642  0.00188575869262956  0.00196732213243924
  0.00261343490793497  0.00319153315710030  0.00382111070466235  1.00000000000000000
 -0.00150445631092826  0.00688220387947232  0.01408865075288028  0.02170052689307158
  0.03005264610811298  0.03840537195975666  0.04666268177543569  0.05508052095885713
  0.06309125241313687  0.07133780936465632  0.07958241869423753  0.08906632296579081
  0.09893561358051858  0.10939162046550051  0.11904668514160587  0.12965944232132243
  0.14056095728180515  0.15116878359939076  0.16148426651394765  0.17173331132534783
  0.18211089955080506  0.19311290078138660  0.20446144390979970  0.21561373709699577
  0.22646140413724813  0.23755777153080238  0.24894986632754826  0.25991413803504371
  0.27056233562443538  0.28115111620532229  0.29210031793855917  0.30356199793178401
  0.31513562443674059  0.32678054904063925  0.33889952328513084  0.35123072812834111
  0.36319021219820463  0.37483320001205211  0.38681164412462976  0.39859869790494901
  0.41035087192505981  0.42241594761205337  0.43468477459956195  0.44622458547252675
  0.45740416712061460  0.46882185390700237  0.48000565895552050  0.49115804060573909
  0.50229751562398683  0.51393218205612390  0.52557373307612154  0.53737966867885167
  0.54997335327776098  0.56275141732128742  0.57493199304729903  0.58672257235178882
  0.59852221606155465  0.61006675706217739  0.62137237588446925  0.63284334000208353
  0.64445366539506466  0.65618572080878979  0.66807813498489721  0.68026796706773496
  0.69250289290388167  0.70491626205899960  0.71689628041588327  0.72878294491466966
  0.74038547771319196  0.75140427643505570  0.76190210725009788  0.77256584818976504
  0.78365233695843650  0.79501480287007142  0.80611721664994918  0.81687539907848261
  0.82749513542587372  0.83836853115776333  0.85028850187684057  0.86158828338406257
  0.87231495593603370  0.88247747449521996  0.89240658682288754  0.90189191061258867
  0.91102707807251182  0.92036937787779594  0.92958229447974638  0.93845658699228307
  0.94657354698897767  0.95495733995186760  0.96291995554339616  0.97069820237503046
  0.97871282449064889  0.98607547945101670  0.99322771831013146  1.00000000000000000
 -0.00226754438970217  0.00913381087973328  0.01857601079406846  0.02879787717887174
  0.03902719498437805  0.04920799899110823  0.05917082447747987  0.06933445522064624
  0.07985551584488962  0.09036345794450616  0.10138132250399939  0.11225989934425865
  0.12300895441270836  0.13386207197724082  0.14483896320970513  0.15506485198589348
  0.16532521686348395  0.17617431761512764  0.18702561576327306  0.19708561222126311
  0.20740909427575299  0.21929976001566850  0.23109498881705692  0.24215124403208249
  0.25311449423047910  0.26495890261461652  0.27581089701753497  0.28624263339191669
  0.29657449258736157  0.30723299244282676  0.31741467090297021  0.32742178453422116
  0.33706622171246281  0.34691074577039732  0.35665831888879390  0.36645559336932598
  0.37611534958714132  0.38638714352252018  0.39638114434403871  0.40614979177923544
  0.41614172682028888  0.42659967761918977  0.43727236110552720  0.44750214921650489
  0.45756292682092004  0.46790429060261546  0.47847917723767536  0.48906033579349761
  0.49951690527540721  0.51023186733377146  0.52105919070750062  0.53213530959999300
  0.54317678654961599  0.55435900097607271  0.56517080589806978  0.57644175507312723
  0.58788355231415212  0.59928876520763252  0.61010458357827213  0.62054708813801795
  0.63078314550057457  0.64102513342202383  0.65115586987452434  0.66148547375915590
  0.67198417234996521  0.68271254993998853  0.69350038077190557  0.70466663574055377
  0.71541724923655936  0.72606001329040259  0.73647017657034586  0.74682707795278480
  0.75696046335971001  0.76672690499256568  0.77653742635560596  0.78659970860096196
  0.79699939547587906  0.80758493125477360  0.81835096553810271  0.82916224112700598
  0.84036251682801033  0.85181314138192255  0.86342642892547183  0.87477199791739413
  0.88600433718171523  0.89692602738181082  0.90745492311789822  0.91779099269729314
  0.92808661456928998  0.93839727360941594  0.94850009963999482  0.95862879166609505
  0.96918901090394582  0.97975835832625180  0.99002001149495622  1.00000000000000000
 -0.00238795289261146  0.00937460982226007  0.01914547042795806  0.02971974042184290
  0.04021257838746015  0.05085109447234244  0.06185605525001352  0.07302815800903832
  0.08400696468994505  0.09465184281939427  0.10531743315033711  0.11630521017647411
  0.12744576503723823  0.13841603634988583  0.14937132151946245  0.16010014577602641
  0.17047066514646489  0.18063935468821235  0.19098084806094073  0.20163570234335312
  0.21216408772770376  0.22255363629383013  0.23293626956185315  0.24328778228439843
  0.25365623873274185  0.26452043451886298  0.27556375727991067  0.28683062995056319
  0.29799839921200066  0.30929183502651209  0.32038866546932121  0.33117126172879030
  0.34190526067545551  0.35243276613470376  0.36287019114614588  0.37323120226868822
  0.38329714279643429  0.39322523420013650  0.40334342482668645  0.41361706545525634
  0.42394912217501995  0.43435563585448433  0.44519427555404389  0.45667574684960488
  0.46766967770008544  0.47879112330500812  0.48960158411862698  0.50030725190755598
  0.51003795558936371  0.52011940863586215  0.53019859906303923  0.54026620603622266
  0.55044558818923406  0.56092198086505496  0.57192970720252267  0.58303243478520139
  0.59378837949084928  0.60467364350453023  0.61523711961531402  0.62538306489367901
  0.63555766824785820  0.64572701111810948  0.65636137652892501  0.66701565895423620
  0.67747061793690400  0.68774247403612832  0.69801974221977037  0.70819873697272062
  0.71813463504772335  0.72800081956965146  0.73844126074389871  0.74911432081564144
  0.75965546159576147  0.76982801330736017  0.78078551549110531  0.79178229657005472
  0.80264442613847331  0.81322349714363729  0.82356372027783820  0.83380667136072795
  0.84379886003932603  0.85360685170655259  0.86439810064603106  0.87484438019377053
  0.88621476713449987  0.89747210490960994  0.90883675841590639  0.91966188254638415
  0.93030877775358212  0.94041812112398337  0.95048549287080930  0.96072730246710980
  0.97080720292022193  0.98063026194213121  0.99021673298399915  1.00000000000000000
  0.08496250600340086  0.09522086547715328  0.10615530858168996  0.11821636128758237
  0.13345429384864665  0.14934021169802605  0.16385785725184432  0.17692858603258069
  0.18870080892958782  0.20007304475309076  0.21188240698677641  0.22406424620589119
  0.23404981308191922  0.24292221754696178  0.25167138562328634  0.26050370518913346
  0.27002898272113335  0.27939616695849806  0.28852856790718057  0.29830270774855011
  0.30745154068468161  0.31664905303833413  0.32606052398560265  0.33577294064112234
  0.34575791647796961  0.35574312627704902  0.36542498969576259  0.37501159488861541
  0.38414467777071382  0.39329199855490687  0.40249825408237017  0.41157730397617598
  0.42079874919489735  0.43014367521228269  0.43939611153130159  0.44856052179001676
  0.45760561321339305  0.46636272089461134  0.47500473545125727  0.48326184636663694
  0.49121678953510672  0.49925758365446299  0.50738725773724724  0.51553808179409544
  0.52363851209512247  0.53193774902961344  0.54048227243587954  0.54926356005911936
  0.55779840432398919  0.56614780141629184  0.57446530604986723  0.58283194520246173
  0.59150172871836848  0.60024901068155023  0.60889478655517593  0.61733130604399500
  0.62553854591649327  0.63391252726900427  0.64235886928555197  0.65123633848354412
  0.66018550938791221  0.66884253322458154  0.67731870829792395  0.68568193094969565
  0.69395691394413039  0.70217176158560146  0.71040114863018677  0.71871732745361061
  0.72710099550489860  0.73552745420327326  0.74400325633064024  0.75244272841866466
  0.76082197041187138  0.76913784809461272  0.77736408511448740  0.78561286199038327
  0.79395913175757749  0.80248487685265213  0.81111704008799212  0.81997612239160911
  0.82889775638560248  0.83780373109328721  0.84678164169751557  0.85594364471080664
  0.86523683544293151  0.87467380696645469  0.88417907713989785  0.89381813022937195
  0.90347158232772540  0.91356995381297379  0.92461721253523510  0.93639704652109612
  0.94847143880329499  0.96183219714657220  0.97863003070805454  1.00000000000000000
 -0.00909529052175212  0.05244103353061812  0.07662139856054265  0.09250203762961927
  0.10494374344598666  0.11531719789503335  0.12465507972674213  0.13320904700128583
  0.14104788758925674  0.14847587155722677  0.15553601880282364  0.16260209675716653
  0.16957678642908894  0.17628707004117067  0.18297446047227844  0.18947265563003154
  0.19575890774620880  0.20194475496948969  0.20801452621850422  0.21386809932409281
  0.21962817993688255  0.22521361723210023  0.23074538554148893  0.23627055264522773
  0.24174865259862097  0.24711612407656561  0.25245546856785372  0.25777062963352887
  0.26319909772300665  0.26859891774901845  0.27390657254077816  0.27920242166860781
  0.28447151496910877  0.28970058938699322  0.29498691320404752  0.30036323577882562
  0.30584230212631625  0.31152567572172341  0.31734224352526219  0.32330898158946114
  0.32926432194807420  0.33537544486164256  0.34154261050936952  0.34755232010383807
  0.35350362849032918  0.35948293102103640  0.36555764633887605  0.37172317945389322
  0.37813291663065535  0.38478085492908504  0.39151341488010327  0.39830637111507877
  0.40523081508793990  0.41200197365439623  0.41908457590479914  0.42639050143040697
  0.43380291837186330  0.44090772084148133  0.44789836631113644  0.45498365612021335
  0.46206107954831671  0.46893884659478302  0.47564736694228654  0.48237206850807779
  0.48931292709688712  0.49656793838098645  0.50419749292083027  0.51224445318347833
  0.52030544313127403  0.52886301683886094  0.53750540397968316  0.54608339477686507
  0.55475212053295342  0.56331728501931611  0.57212325808788167  0.58112655588356654
  0.59042067627310579  0.59987569271407271  0.60956863807763739  0.61953388049168912
  0.62952620526487635  0.63975072598978155  0.65061167088538818  0.66229283488148649
  0.67459127835159438  0.68743866743539850  0.70080617312295113  0.71460721582701503
  0.72926218939798515  0.74495480013249871  0.76334655723951228  0.78380363098794803
  0.80736093060066727  0.83571322691725147  0.87824984839045639  1.00000000000000000
  0.13762362846040560       -1.0000000000000000     
 F T F T F T F F T F T F T F F F F F F T F T F T F F T F T F T F F T F T F T F F T F T F T F F F F F F T F T F T F F T F T F T F
  <DiscreteSampler_grid>
  grouped_processes
  1 # 1 for a reference and 2 for a running grid.
  10 # Attribute 'min_bin_probing_points' of the grid.
  1 # Attribute 'grid_mode' of the grid. 1=='default',2=='initialization'
  0.0000000000000000 # Attribute 'small_contrib_threshold' of the grid.
  0.5000000000000000 # Attribute 'damping_power' of the grid.
 # binID   n_entries weight   weight_sqr   abs_weight
    13   10   2.465989341567139E+006   2.201701792976251E+013   2.465989341567139E+006
    14   10   2.465989341567138E+006   2.201701792976248E+013   2.465989341567138E+006
    16   10   2.465989341567139E+006   2.201701792976250E+013   2.465989341567139E+006
    17   10   2.465989341567138E+006   2.201701792976248E+013   2.465989341567138E+006
  </DiscreteSampler_grid>
