#    Information about the process      #
#########################################
 grouped_matrix = True 
 pdg_initial1 = [21, 21, 21, 21, 21, 21, 21, 21, 21, 21, 21, 21, 21, 21, 21, 21, 2, 4, 3, 1, 5, 21, 21, 21, 21, 21, 21, 21, 21, 21, 21, 21, 21, 21, 21, 21, 21, 21, 21, 21, 21, 21, 21, 21, 21, 21, 21, 21, 21, 21, 21, 21, 21, 21, 21, 21, 21, 21, 21, 21, 21, 21, 21, 21, 21, 21, 21, 21, 21, 21, 21, 2, 4, 3, 1, 5, 2, 4, 3, 1, 5, -2, -4, -3, -1, -5, 2, 2, 2, 2, 4, 4, 4, 3, 3, 1, 2, 2, 2, 2, 4, 4, 4, 4, 3, 3, 3, 3, 1, 1, 1, 1, 5, 5, 5, 5, 2, 2, 2, 2, 4, 4, 4, 4, 3, 3, 3, 3, 1, 1, 1, 1, 5, 5, 5, 5, -2, -2, -2, -2, -4, -4, -4, -3, -3, -1, 21, 21, 21, 21, 21, 21, 21, 21, 21, 21, 21, 21, 21, 21, 21, 21, 2, 4, 3, 1, 5, 2, 4, 3, 1, 5, 2, 4, 3, 1, 5, -2, -4, -3, -1, -5, 2, 2, 2, 2, 4, 4, 4, 3, 3, 1, 2, 2, 2, 2, 4, 4, 4, 4, 3, 3, 3, 3, 1, 1, 1, 1, 5, 5, 5, 5, 2, 2, 2, 2, 4, 4, 4, 4, 3, 3, 3, 3, 1, 1, 1, 1, 5, 5, 5, 5, -2, -2, -2, -2, -4, -4, -4, -3, -3, -1] 
 nb_channel = 195 
 has_loops = False 
 ninitial = 2 
 has_isr = False 
 nexternal = 5 
 bias_module = dummy 
 colored_pdgs = [1, 2, 3, 4, 5, 6, 21] 
 pdg_initial2 = [21, 21, 21, 21, 21, 21, 2, 4, 3, 1, 5, -2, -4, -3, -1, -5, -2, -4, -3, -1, -5, 2, 4, 3, 1, 5, -2, -4, -3, -1, -5, 2, 2, 2, 2, 4, 4, 4, 4, 3, 3, 3, 3, 1, 1, 1, 1, 5, 5, 5, 5, -2, -2, -2, -2, -4, -4, -4, -4, -3, -3, -3, -3, -1, -1, -1, -1, -5, -5, -5, -5, 2, 4, 3, 1, 5, -2, -4, -3, -1, -5, -2, -4, -3, -1, -5, 4, 3, 1, 5, 3, 1, 5, 1, 5, 5, -2, -2, -2, -2, -4, -4, -4, -4, -3, -3, -3, -3, -1, -1, -1, -1, -5, -5, -5, -5, -4, -3, -1, -5, -2, -3, -1, -5, -2, -4, -1, -5, -2, -4, -3, -5, -2, -4, -3, -1, -4, -3, -1, -5, -3, -1, -5, -1, -5, -5, 21, 21, 21, 21, 21, 21, 2, 4, 3, 1, 5, -2, -4, -3, -1, -5, -2, -4, -3, -1, -5, 2, 4, 3, 1, 5, -2, -4, -3, -1, -5, -2, -4, -3, -1, -5, 4, 3, 1, 5, 3, 1, 5, 1, 5, 5, -2, -2, -2, -2, -4, -4, -4, -4, -3, -3, -3, -3, -1, -1, -1, -1, -5, -5, -5, -5, -4, -3, -1, -5, -2, -3, -1, -5, -2, -4, -1, -5, -2, -4, -3, -5, -2, -4, -3, -1, -4, -3, -1, -5, -3, -1, -5, -1, -5, -5] 
 has_fsr = False 
 complex_mass_scheme = False 
 max_n_matched_jets = 3 
 loop_induced = False 
