  0.00001890236443404  0.00001969132120529  0.00002034558633495  0.00002091011663263
  0.00002155733624035  0.00002225401931313  0.00002297625373137  0.00002372787945668
  0.00002449000752610  0.00002526439167709  0.00002606594928905  0.00002690580138000
  0.00002776636123101  0.00002869743590747  0.00002963290874661  0.00003063625317062
  0.00003167060243152  0.00003268177557847  0.00003366426740333  0.00003469588395672
  0.00003583721886778  0.00003702242905459  0.00003824929947595  0.00003956463247705
  0.00004105163955930  0.00004256223969095  0.00004411527185625  0.00004572914433882
  0.00004741927437282  0.00004918825228252  0.00005095664817037  0.00005274379725711
  0.00005461548994265  0.00005642483478774  0.00005859756384381  0.00006096978271888
  0.00006337642075928  0.00006580423529360  0.00006825474747004  0.00007076143975224
  0.00007331256612568  0.00007630614467581  0.00007935163460581  0.00008250897964573
  0.00008577398049945  0.00008915426698120  0.00009270219332887  0.00009656306006755
  0.00010081040558686  0.00010525523650383  0.00010979147991290  0.00011443748207518
  0.00011925149635752  0.00012450312004217  0.00013045627623270  0.00013660442217167
  0.00014298254103810  0.00014975209149180  0.00015677679736003  0.00016458257560299
  0.00017306152695485  0.00018180383264957  0.00019113566375053  0.00020104561902993
  0.00021221757232211  0.00022493469744322  0.00023883740634620  0.00025513595222430
  0.00027153848245525  0.00028932180658941  0.00030959670289467  0.00033302376487761
  0.00035814769573043  0.00038524605708770  0.00041764300758497  0.00045367670596605
  0.00049312812700221  0.00053702206913943  0.00058485192675058  0.00063745067167469
  0.00069225792357364  0.00075721669419169  0.00082932432254099  0.00092280659886163
  0.00104685172408087  0.00119814604463803  0.00137114942067477  0.00155773122483244
  0.00174319407914394  0.00198564333840399  0.00236649307121944  0.00300985537756650
  0.00342761913909479  0.00388971710788726  0.00430158089178654  1.00000000000000000
  0.00001895178660030  0.00001916119241763  0.00001947536319943  0.00001980598709349
  0.00002012863085644  0.00002046543829976  0.00002081131213790  0.00002119192565506
  0.00002157561833519  0.00002196234926409  0.00002234126612062  0.00002270472642397
  0.00002307008261922  0.00002343492844608  0.00002385389748165  0.00002432377700197
  0.00002483002397961  0.00002536301542388  0.00002591021491099  0.00002645883294815
  0.00002701459978139  0.00002768990171227  0.00002833343244427  0.00002898562957848
  0.00002965212790653  0.00003036365197996  0.00003115454539044  0.00003198230077253
  0.00003283714410039  0.00003365910274987  0.00003450207140995  0.00003547940640658
  0.00003651766828077  0.00003755942274563  0.00003861575586285  0.00003971716922820
  0.00004084791696177  0.00004199464345119  0.00004316037468166  0.00004436888302254
  0.00004572234136273  0.00004712538916827  0.00004852505268026  0.00005001835216911
  0.00005173695254716  0.00005358458839049  0.00005543427284391  0.00005725177931392
  0.00005925951595393  0.00006150484360827  0.00006386580742315  0.00006642352094264
  0.00006906434729312  0.00007174238322460  0.00007445943780364  0.00007719012251739
  0.00007997478972104  0.00008275871288726  0.00008587978080709  0.00008913497804610
  0.00009255714418350  0.00009608063540358  0.00009982316058781  0.00010372198098041
  0.00010773834899721  0.00011202686489725  0.00011653121031983  0.00012129112649318
  0.00012659573635941  0.00013230605428339  0.00013798612872309  0.00014431455657981
  0.00015121127326556  0.00015861450862934  0.00016660491877578  0.00017488162331247
  0.00018358924350509  0.00019287905551781  0.00020317913639596  0.00021522977693400
  0.00022882776809937  0.00024447893261812  0.00026177666507320  0.00028218944261763
  0.00030604943087188  0.00033449300540314  0.00036806331328083  0.00040937718689884
  0.00046398092845776  0.00054321328110833  0.00064897542148836  0.00080258890729959
  0.00108368596920979  0.00171988860784139  0.00292170250083478  1.00000000000000000
 -0.00296864349442789  0.01285005822792489  0.02554632531802607  0.03758398077103862
  0.04753656890324507  0.05679318748768129  0.06557631442080829  0.07386335146211995
  0.08150242448744191  0.08883103259660245  0.09600069131422502  0.10289647203119162
  0.11123409775864132  0.12008208056396907  0.12991665883504810  0.14040485719606288
  0.15054473904775179  0.15993336673657621  0.16924361608380969  0.17877215007650196
  0.18863058330105789  0.19886803447126722  0.20941609838277450  0.21994134309278288
  0.23044302487887586  0.24136861621015299  0.25249184201182401  0.26357513270862881
  0.27432045609823585  0.28503560348883689  0.29589874239827579  0.30680454855769834
  0.31829092689194521  0.33032420977724941  0.34289276299195764  0.35539582054921609
  0.36687156250442243  0.37813221446946088  0.38973746749839344  0.40158840164454462
  0.41379292085203134  0.42706974269296855  0.44054443431007878  0.45340681540899325
  0.46636996238871359  0.47941530474694038  0.49205456754784493  0.50455570557240847
  0.51693805752980282  0.52958202515075614  0.54224884563659037  0.55478672824692665
  0.56765887579507701  0.58083322618207445  0.59396375354031694  0.60668705966352854
  0.61876267514052519  0.63045452786662159  0.64226370567005353  0.65413710427751448
  0.66573348769298446  0.67790425687224831  0.69038387487256203  0.70261888494206659
  0.71432743846191216  0.72548058827998385  0.73656281852194749  0.74736159412543224
  0.75763602196962787  0.76774833802355613  0.77795659285004137  0.78840636718622870
  0.79910698866616869  0.80994776882343766  0.82113905183341340  0.83196331764772180
  0.84121433382573152  0.84956744869443568  0.85796119759691458  0.86584974819089422
  0.87368695674043773  0.88127320709120560  0.88871360577348590  0.89607671398775812
  0.90348582673065780  0.91085682350483477  0.91801880308638251  0.92508381160448716
  0.93234717888039687  0.93991619884400590  0.94791489018684882  0.95613939596951503
  0.96546726160356933  0.97592961971802450  0.98823590488333757  1.00000000000000000
 -0.00299266755949537  0.01165171495210480  0.02222328537437297  0.03224427948036276
  0.04199303377045927  0.05216896160682353  0.06259577463698607  0.07326000601693822
  0.08370684994678676  0.09443127156689736  0.10546182632311527  0.11734210028208109
  0.12805179584127116  0.13741589170879828  0.14661960202822888  0.15686714357158515
  0.16742320576064040  0.17827371561449334  0.18947065913473912  0.20152724728757110
  0.21234348901337860  0.22236699780528607  0.23229087895207667  0.24206886015518664
  0.25174025978191916  0.26112737130711033  0.27054213111160558  0.28079069825176545
  0.29129275232811613  0.30203811183180335  0.31271719293585087  0.32325975620468628
  0.33366331873241517  0.34360611120725471  0.35339203061232000  0.36292237202035088
  0.37208026497873015  0.38082818785330885  0.38944898957766400  0.39857387022549473
  0.40833877730478468  0.41838376135001359  0.42944469240401167  0.44116857222488015
  0.45325397694261799  0.46539104793374636  0.47737319328694733  0.48867569537117073
  0.49992628726762461  0.51114783952078890  0.52218998921441162  0.53298151015392792
  0.54376416433380814  0.55480675672316415  0.56609700487684855  0.57750892794675379
  0.58834785014005186  0.59850564576469889  0.60843843193916225  0.61866013478022408
  0.62924749589840989  0.63956882254746561  0.65051110737170426  0.66165922005024080
  0.67256981169286256  0.68280399128530223  0.69313990101043477  0.70337297833680223
  0.71419006607803193  0.72482964225957813  0.73585599900001319  0.74669885477593356
  0.75741774753278335  0.76830146087715945  0.77955227824487305  0.79124074877525197
  0.80251063597294137  0.81286700566938341  0.82255183130598064  0.83230376117718774
  0.84251079430998699  0.85316007735332244  0.86440632057553823  0.87581842592460379
  0.88723186703317913  0.89818619058782345  0.90860644951932434  0.91910120212288760
  0.92971299690742704  0.93999795913783435  0.94999352839231355  0.96019910926360452
  0.97054364607717769  0.98093569546445336  0.99050365575340504  1.00000000000000000
 -0.00223150472925902  0.00988286236473737  0.02024264813527204  0.03098670604622555
  0.04167785753442320  0.05233307681804988  0.06325801566966258  0.07511571990938529
  0.08666981204904239  0.09750396446268884  0.10821409968677261  0.11909372139213169
  0.12974759048743861  0.13970529209685190  0.14894490349783182  0.15851009547165046
  0.16826753052750229  0.17872995824930496  0.18929802052299349  0.19955796515771457
  0.20988491175315580  0.22026709329379901  0.23087209586907306  0.24173862264447477
  0.25285813100203997  0.26325584899690607  0.27342657718544811  0.28318376787704469
  0.29266106013398807  0.30242233406037683  0.31254938152599948  0.32340712421608125
  0.33453897044782643  0.34537421037398092  0.35682500503884151  0.36801840617352710
  0.37879484451053969  0.38910018143771685  0.39987794395036902  0.41059311336874826
  0.42162452867883526  0.43292433969403987  0.44355278327720438  0.45388459482095100
  0.46366282365830130  0.47350736203334387  0.48362338386034792  0.49400149685314937
  0.50453023394594254  0.51537099881626991  0.52551719889337467  0.53520404218589990
  0.54561125910845776  0.55568519182554688  0.56592173548686686  0.57619542700828985
  0.58692452418988927  0.59808880533306419  0.60850889727328239  0.61903948734448344
  0.62972650391661733  0.64025940695189243  0.65084922195251149  0.66155221882806658
  0.67234477171938145  0.68329175242862172  0.69358465962673344  0.70334265295442078
  0.71361563068646927  0.72256219406343181  0.73173551332246900  0.74107718683192270
  0.75119333672948407  0.76221189751834162  0.77334464475725795  0.78483188950828742
  0.79583659401562201  0.80658733407198013  0.81699629642349214  0.82790908764969839
  0.83863705962930180  0.84978125067125387  0.86076237651331078  0.87175298556667369
  0.88248057324258489  0.89366977769551792  0.90487219400465924  0.91692053565487197
  0.92836220968957084  0.93920400273013716  0.94894882521242474  0.95912792918133549
  0.96950922812414475  0.97983016773991827  0.99012787263565916  1.00000000000000000
  0.04501254420605019  0.16849677899713350  0.19670045762895452  0.22413303169715434
  0.24727151738572856  0.26674719735297520  0.28631004746561117  0.30517491452692908
  0.32352816702994469  0.34134984520471040  0.35951257500660178  0.37558013638602988
  0.39226399831614484  0.41065589601481639  0.42883179021560286  0.44493528734908555
  0.46000393580364712  0.47486952520031067  0.48990334570673594  0.50401918704603821
  0.51776999676579871  0.53151432085332972  0.54552235605379706  0.55916688846850782
  0.57199513383878864  0.58382039109453110  0.59490161332872371  0.60563878338004118
  0.61613702945259996  0.62702576760343343  0.63860862762514825  0.65056105582949120
  0.66220883817368714  0.67318688194321630  0.68353793753325964  0.69339471124047070
  0.70302657944124380  0.71248905759976033  0.72175094648091509  0.73093793003528995
  0.73986273164338123  0.74859873563392054  0.75672453501544545  0.76455072103079325
  0.77238163626867662  0.78018900004387914  0.78793096024526654  0.79547800247021094
  0.80273534521672829  0.80993631625564222  0.81721866005776633  0.82446537161559919
  0.83157967236918406  0.83844013736110168  0.84500688714496441  0.85164759970739456
  0.85813942373474750  0.86411404060266050  0.87020131709549642  0.87562391571925824
  0.88087727416179085  0.88590602305682165  0.89080867820533982  0.89564545302008558
  0.90034196933655586  0.90490522609780322  0.90948308514436249  0.91400034501802174
  0.91842819727956837  0.92249661032452357  0.92642951497757975  0.93029756701139810
  0.93398918204096615  0.93752627690860957  0.94093045978188006  0.94417844933629946
  0.94740961381176347  0.95062574759225049  0.95380123526017280  0.95684469775387626
  0.95975328790728875  0.96250663490522648  0.96516376764461109  0.96782568408892489
  0.97045665263382763  0.97305841842134844  0.97562946020255903  0.97806505044140402
  0.98046430317875266  0.98286171309432591  0.98528684176648063  0.98778399181122822
  0.99036868793298205  0.99309631858035552  0.99631825291652121  1.00000000000000000
 -0.01020412462216054  0.05578329174396369  0.08105567666324892  0.09726382576614204
  0.10984965566493463  0.12111488228609418  0.13195805623671558  0.14231076964718981
  0.15124111892213712  0.15934510024952819  0.16692019115291160  0.17410386028142441
  0.18077526699238231  0.18734525263561849  0.19350347678644700  0.19978555458776434
  0.20611190265774401  0.21226269925826799  0.21811049893575515  0.22365950105624069
  0.22932688730147077  0.23513252904958504  0.24103436243230308  0.24684194846266713
  0.25253861149310280  0.25826856317902641  0.26411883768853617  0.27011512514311548
  0.27568193339969005  0.28104481905661455  0.28628419074964451  0.29154094954608456
  0.29691789111068162  0.30253493818630123  0.30838092423162516  0.31420115421825545
  0.31985701433907798  0.32533733273799365  0.33066961931099226  0.33611025442650699
  0.34200313106167801  0.34777268490058816  0.35350896126613784  0.35925775445442371
  0.36483201749196809  0.37048501693904018  0.37631719959876486  0.38226888161245265
  0.38842033426503031  0.39460703908505546  0.40043519905870273  0.40603345353667758
  0.41163462517112159  0.41722890777589805  0.42311313594341909  0.42910743303106635
  0.43495133458194957  0.44110097125925302  0.44727213900813906  0.45370405211337173
  0.46024045375678629  0.46694000421868520  0.47384893935862915  0.48075548109810323
  0.48774229260312102  0.49482546193657201  0.50213584005470768  0.50946073595823771
  0.51672932719546927  0.52438739851920713  0.53256754890327784  0.54112223366536938
  0.54987096949414016  0.55874789949579107  0.56770843718233976  0.57697991003616955
  0.58621951835541286  0.59579390482835970  0.60591843949796997  0.61604303606761579
  0.62635416024540069  0.63670405143910935  0.64764877330271853  0.65893786854405612
  0.67143739282162240  0.68478769634258663  0.69821835946648170  0.71165705843669713
  0.72611325551230932  0.74180806986197123  0.75924004114877264  0.77860349029953091
  0.80139332333859026  0.82967971141444907  0.87122136080696899  1.00000000000000000
   6.4145960626166501       -1.0000000000000000     
 F T F T F T F F T F T F T F F F F F F T F T F T F F T F T F T F F T F T F T F F T F T F T F F F F F F T F T F T F F T F T F T F
  <DiscreteSampler_grid>
  grouped_processes
  1 # 1 for a reference and 2 for a running grid.
  10 # Attribute 'min_bin_probing_points' of the grid.
  1 # Attribute 'grid_mode' of the grid. 1=='default',2=='initialization'
  0.0000000000000000 # Attribute 'small_contrib_threshold' of the grid.
  0.5000000000000000 # Attribute 'damping_power' of the grid.
 # binID   n_entries weight   weight_sqr   abs_weight
    13   10   3.901686278828641E+008   6.807301133240860E+017   3.901686278828641E+008
    14   10   3.901686278828639E+008   6.807301133240859E+017   3.901686278828639E+008
    16   10   3.901686278828641E+008   6.807301133240860E+017   3.901686278828641E+008
    17   10   3.901686278828639E+008   6.807301133240855E+017   3.901686278828639E+008
  </DiscreteSampler_grid>
