  0.00001896696159815  0.00001991583456197  0.00002061125664643  0.00002129766448179
  0.00002201448829649  0.00002280908711221  0.00002363126538458  0.00002449210474513
  0.00002534437767020  0.00002627730047510  0.00002738833084275  0.00002867688236638
  0.00002998329252391  0.00003117651186431  0.00003237253851720  0.00003361483163409
  0.00003498405090311  0.00003656504799965  0.00003815955610773  0.00003978035026960
  0.00004134853693417  0.00004289423995451  0.00004443382881492  0.00004620408960464
  0.00004816723287244  0.00005026770775394  0.00005241634358875  0.00005455956324523
  0.00005666188780024  0.00005906912622214  0.00006172852627787  0.00006435991787833
  0.00006702568230350  0.00006959846679724  0.00007223848278930  0.00007510967105650
  0.00007854309505653  0.00008191671827985  0.00008556777025188  0.00008934023565663
  0.00009310061217624  0.00009724877246561  0.00010175615460818  0.00010649666643084
  0.00011146818686721  0.00011652013954070  0.00012172307365652  0.00012733526233881
  0.00013352129943342  0.00013994938032505  0.00014660813027494  0.00015304295975233
  0.00016005920831221  0.00016830666832722  0.00017729964499959  0.00018681185006943
  0.00019700267673869  0.00020800510409500  0.00021990923249757  0.00023270080598144
  0.00024608541671115  0.00025995120962795  0.00027494986714106  0.00029196010712864
  0.00031172694613818  0.00033367671267682  0.00035632112653978  0.00037910485628793
  0.00040051903778349  0.00042124164800969  0.00044371594788382  0.00046780562196373
  0.00049319350221800  0.00052196257626041  0.00055278428390308  0.00059105619384602
  0.00063839490440922  0.00068972539977165  0.00073992948384498  0.00079090289887324
  0.00084917122905900  0.00090485461136813  0.00096195810161758  0.00102975377244055
  0.00109898267278500  0.00116892449935109  0.00124598750981151  0.00135470166850356
  0.00150615837334475  0.00169662352596751  0.00193474677158460  0.00238536862138405
  0.00280373039592123  0.00322257471602795  0.00504621833508960  1.00000000000000000
  0.00001897190650343  0.00001925208808891  0.00001952886708286  0.00001979677791052
  0.00002006612411536  0.00002035404425587  0.00002066781719948  0.00002103095582300
  0.00002142650774016  0.00002181934580350  0.00002222720590220  0.00002267328328037
  0.00002314138002457  0.00002358352388013  0.00002401468057266  0.00002443322358763
  0.00002484062670467  0.00002523009045252  0.00002561422676696  0.00002601697124598
  0.00002646904003309  0.00002703477989336  0.00002773823246049  0.00002851937647283
  0.00002923746664205  0.00002997121280101  0.00003073794158336  0.00003156234680346
  0.00003245368993383  0.00003335770152882  0.00003416228406423  0.00003497938952637
  0.00003580879081532  0.00003671822885431  0.00003773498699177  0.00003874387284695
  0.00003979123284770  0.00004085668572096  0.00004199368545130  0.00004313751311082
  0.00004434434039172  0.00004566170736289  0.00004698916537860  0.00004829926251750
  0.00004960688180007  0.00005099982101002  0.00005263182226650  0.00005441734844518
  0.00005622929731877  0.00005815301918227  0.00006018483310653  0.00006241917712475
  0.00006476411229858  0.00006731395257308  0.00007009200416663  0.00007281147770575
  0.00007555434023284  0.00007842845825857  0.00008149756794775  0.00008476487132496
  0.00008832966885557  0.00009190786385301  0.00009565834113698  0.00009967826708111
  0.00010372646723020  0.00010804460894168  0.00011273041172485  0.00011778647778770
  0.00012317638878135  0.00012907904201624  0.00013515170728433  0.00014157284336787
  0.00014842758501418  0.00015555439939455  0.00016340855059802  0.00017226539809191
  0.00018224307791011  0.00019337879977062  0.00020567676822248  0.00021944341913071
  0.00023487537877130  0.00025242052351875  0.00027212250940889  0.00029429178310517
  0.00032049863446321  0.00035405369907316  0.00040068858499909  0.00046624938348932
  0.00055837770423224  0.00067779248076956  0.00082744388960940  0.00103901327034867
  0.00131254500243670  0.00177669549398704  0.00313371132547468  1.00000000000000000
 -0.00357891659814918  0.02221107332683508  0.04390863669924503  0.06708669962635175
  0.09228977891469223  0.11551573880337199  0.13782327091039964  0.16046614461745667
  0.18478183404933574  0.20882699654609327  0.23249281323347176  0.25420874786383485
  0.27433210036482791  0.29498830233641293  0.31470943914160809  0.33491971852904967
  0.35332755838988938  0.37073154430836536  0.38803157002667593  0.40520221932561978
  0.42245216364389443  0.43990510380529163  0.45653942364016692  0.47233188452014663
  0.48760471789350418  0.50289371850518105  0.51789795238432967  0.53200597517305104
  0.54565923702991004  0.55938200652330050  0.57342409130038718  0.58681747115638683
  0.60032923283527750  0.61351665403901368  0.62601265583731547  0.63742651919211812
  0.64816387370108786  0.65858235211894678  0.66875113106759798  0.67845659556948024
  0.68780690549929890  0.69710724579510608  0.70653752121731606  0.71615369943053087
  0.72582652380638191  0.73514931341248146  0.74396197268102748  0.75228110006880944
  0.76022820130862545  0.76797226096525073  0.77543906783654482  0.78242264327607236
  0.78892737466003771  0.79493909648824546  0.80080228670203368  0.80691903492963413
  0.81323441508603767  0.81934470594835207  0.82509867964665418  0.83047454321361969
  0.83562235530947271  0.84092551134634930  0.84618936576145998  0.85138772462050627
  0.85650704390308230  0.86191536390939660  0.86752387478219306  0.87319397217078865
  0.87882412033372592  0.88437788952565199  0.88992945092968712  0.89501544208841499
  0.89939577943612126  0.90337606624599953  0.90720070131226549  0.91096470849334199
  0.91482220215216803  0.91868906213452983  0.92276282704879964  0.92692536766319356
  0.93105739010899979  0.93510053517246738  0.93908422877103481  0.94303671316987370
  0.94682006839443500  0.95057250618370459  0.95416127264328288  0.95702819881068169
  0.96175330058081121  0.96688815699807640  0.97190853424016943  0.97627153074047357
  0.98129145399113937  0.98780967664752917  0.99398341940353729  1.00000000000000000
 -0.00231829585293445  0.00956000148364160  0.01961949832772533  0.02720187755903042
  0.03442759954966992  0.04176910860792678  0.04968256196513909  0.05821429262224403
  0.06710936728688316  0.07566758869983749  0.08493218579291496  0.09553746763093049
  0.10636052262243335  0.11672788425391267  0.12676415193949414  0.13666396999659941
  0.14725051723000412  0.15821370851890765  0.16913694903721005  0.18016126152864365
  0.19126651308433187  0.20226196413610037  0.21272079149303613  0.22267212480262977
  0.23301018248321434  0.24302299235361050  0.25278247754538186  0.26250065853902882
  0.27227927078844200  0.28285641249526605  0.29368325234558817  0.30439577638061638
  0.31612925760349486  0.32718462081778549  0.33970869436812934  0.35142263671880097
  0.36311445447019142  0.37484242414883912  0.38687712782927081  0.39959910223892758
  0.41255619088806206  0.42681237756354001  0.44024389577435635  0.45360143404510611
  0.46554683260227725  0.47736785096534462  0.48846126661436445  0.49963861190115894
  0.51087465174777824  0.52194525578495898  0.53252421076892420  0.54256129604244008
  0.55208023175533227  0.56129416014205635  0.57072190215467955  0.58023672378321978
  0.58959706896744368  0.59888728000655622  0.60834294992567761  0.61816136593084048
  0.62832358105352848  0.63812238707217828  0.64806214241728965  0.65809032826687652
  0.66832617190481391  0.67870909839820881  0.68946224713494297  0.70103633799348664
  0.71126143128776986  0.72083131977917470  0.73004081037015622  0.73925708978514515
  0.74993134069360268  0.76093704712271526  0.77244053647189481  0.78430095380847276
  0.79629834230021812  0.80759273368355766  0.81902366544035321  0.83017220588044871
  0.84159761693734481  0.85307992541643241  0.86531167587653601  0.87696073520762186
  0.88701356255058761  0.89674695079023481  0.90559643877409401  0.91428685684399447
  0.92350375194519763  0.93251203106288116  0.94313876210808345  0.95459356701209308
  0.96625480609718628  0.97764842575191635  0.98890106160506697  1.00000000000000000
 -0.00216391989051110  0.00889161002322347  0.01864479877385618  0.02868600181830997
  0.03935947313248234  0.04838574432241860  0.05696510727301779  0.06578453188013929
  0.07458248160856634  0.08297006998789339  0.09114012563121686  0.09912649925869710
  0.10839233440712305  0.11979317218176762  0.13126332271803354  0.14255466767226921
  0.15349495072737648  0.16439819653958029  0.17582861979323480  0.18718224768499450
  0.19837702181736855  0.21006509684078242  0.22235666600458026  0.23489474866610163
  0.24709481969805014  0.25843021717477710  0.26911603552998942  0.27991232580540831
  0.29088345609693983  0.30238375912856730  0.31459400519599706  0.32704629513136668
  0.33869331570581412  0.34969071360672405  0.36101690955309940  0.37289048159723420
  0.38490942528559768  0.39712662702720197  0.40950388518783193  0.42128104428865543
  0.43234512506170858  0.44301881952158373  0.45375126019592826  0.46428499687872027
  0.47510702067986466  0.48558682276702370  0.49596742202560862  0.50630127341004905
  0.51684057866733468  0.52765481682689697  0.53807139539572890  0.54936306476121610
  0.56059210561519290  0.56978269514808677  0.57882387876214703  0.58818571712479073
  0.59803409148030384  0.60726927158894695  0.61553627467298477  0.62415653359779011
  0.63312212257193257  0.64220540940336679  0.65085982164931422  0.65928517203523407
  0.66806308683214366  0.67814538458699569  0.68816878396576353  0.69890060855758385
  0.70897750313414498  0.71874486248878322  0.72827951526009993  0.73964643598110702
  0.75063373143310441  0.76114646277847575  0.77175301924586337  0.78258944315452539
  0.79251640816819291  0.80179184324103658  0.81145660036800982  0.82201462278350534
  0.83332018516799422  0.84481054143309009  0.85657483094634557  0.86894500108922090
  0.88132328111917602  0.89274555085281870  0.90354489490507672  0.91425646628089707
  0.92449313855495463  0.93590855132311213  0.94757667435374893  0.95844741932871402
  0.96781812993487182  0.97774567467839868  0.98856946414506308  1.00000000000000000
  0.05288006084816343  0.19725355924769117  0.22438040143099758  0.24810246641313013
  0.26829067626945041  0.28729883678693169  0.30649843685775863  0.32574532908463305
  0.34421756954450511  0.36003588192437980  0.37429805737964617  0.38967607249942099
  0.40614688823071549  0.42465298792420619  0.44109887335028147  0.45592737710132414
  0.47001342027345983  0.48401465210232214  0.49859673586200265  0.51313109187002248
  0.52767595254925470  0.54242785814163819  0.55648697835606242  0.56954574456855644
  0.58178851128349951  0.59426390200829238  0.60667142267945506  0.61894362486654531
  0.63095051312299155  0.64279132471698819  0.65454113618663612  0.66603965946537502
  0.67697229387871127  0.68811390058404487  0.69893588843703647  0.70931973409690374
  0.71938353811310007  0.72982715367712558  0.74050507312145009  0.75094337654106991
  0.76090992091178500  0.77101356258641651  0.78098034123093019  0.79082889008151847
  0.79998374571970421  0.80940434336557021  0.81838336772205600  0.82723728676342267
  0.83545336403910164  0.84336835310010960  0.85076449691610434  0.85799977678710160
  0.86479157133445494  0.87142977149760625  0.87779179271944163  0.88389571544752876
  0.88989758632929250  0.89562267003688845  0.90099647175057351  0.90612844245498658
  0.91126366347669085  0.91628030901705515  0.92088260778020714  0.92525881523829601
  0.92950207320802125  0.93360417099746762  0.93733385989990070  0.94063965909419789
  0.94375090222685243  0.94683518361051522  0.94985421208275034  0.95270638885508674
  0.95556018238141394  0.95824660718961296  0.96065613258953741  0.96298913772211336
  0.96534036170778093  0.96766322933858528  0.96998250797738883  0.97227490917141857
  0.97450468049645611  0.97666554829448371  0.97872487830867350  0.98057875520880344
  0.98234680693380572  0.98410478588058548  0.98589927176805625  0.98765274127284675
  0.98931908234550092  0.99091904119153507  0.99244129228334976  0.99386303618815386
  0.99523638704811757  0.99672967750994590  0.99832234154421351  1.00000000000000000
 -0.01651879664008594  0.09539481215657117  0.13829146149272853  0.16346722710951445
  0.18304523317258542  0.20055379693066508  0.21671493680278120  0.23109442722356063
  0.24390290750975849  0.25620382925255142  0.26813304485020562  0.27990742915242378
  0.29129706796940963  0.30257350013630957  0.31317876510227005  0.32202871866365734
  0.33014455806787013  0.33784224717319572  0.34525767986148009  0.35261334577110565
  0.35984570645445435  0.36689412589590015  0.37434288686337902  0.38372217167154871
  0.39354029942168323  0.40246947849565301  0.41098081556917038  0.41939916847947406
  0.42793556798882920  0.43698682207690520  0.44539601708838061  0.45409867144781046
  0.46250075592842077  0.47137352748223432  0.48002065033060715  0.48812989871629070
  0.49548154858470578  0.50220726293248985  0.50862367213356219  0.51512542575961440
  0.52186767663485423  0.52847477504711504  0.53469103762895842  0.54076287825448432
  0.54711297218652188  0.55392884440774903  0.56092986539195777  0.56797436256378619
  0.57489976443669777  0.58190088419788688  0.58838203826620894  0.59464837487815847
  0.60108493529458829  0.60677353360646435  0.61250048017521985  0.61821409817964423
  0.62417972741038430  0.63006396437258039  0.63574293817071548  0.64161340242201670
  0.64790069607203260  0.65438766457581610  0.66090498210991477  0.66710702134295374
  0.67307318897973756  0.67884056637114076  0.68487917467557902  0.69110523254762579
  0.69742555607440027  0.70371232228456670  0.71009983497220641  0.71682351762309582
  0.72383378755327132  0.73072874401617971  0.73738135304909969  0.74392563158282365
  0.75060741504546269  0.75771721085528121  0.76475960535416587  0.77140071818703848
  0.77830767071347207  0.78556039818940993  0.79323010825153961  0.80097708118988131
  0.80873150834294927  0.81668318508892135  0.82492304271708805  0.83385986109694044
  0.84300263376997597  0.85290355927649020  0.86438476676720610  0.87687027843678345
  0.89175477613206644  0.91093240428692945  0.94078045406110600  1.00000000000000000
   1.3641250846330111       -1.0000000000000000     
 T F F T T F F T F T T F F T T F F T T F F T T F T F F T T F F T T F F T T F F T F F T F F F T F F T F F F T F F T F F T T F F T
  <DiscreteSampler_grid>
  grouped_processes
  1 # 1 for a reference and 2 for a running grid.
  10 # Attribute 'min_bin_probing_points' of the grid.
  1 # Attribute 'grid_mode' of the grid. 1=='default',2=='initialization'
  0.0000000000000000 # Attribute 'small_contrib_threshold' of the grid.
  0.5000000000000000 # Attribute 'damping_power' of the grid.
 # binID   n_entries weight   weight_sqr   abs_weight
    28   10   7.989738965326357E+009   6.377924376312056E+020   7.989738965326357E+009
    31   10   1.602414754305340E+010   2.564549413674595E+021   1.602414754305340E+010
    32   10   1.602414754305348E+010   2.564549413674621E+021   1.602414754305348E+010
    34   10   7.989738965326352E+009   6.377924376312050E+020   7.989738965326352E+009
    37   10   1.598415786113398E+010   2.552201664542768E+021   1.598415786113398E+010
    38   10   1.598415786113406E+010   2.552201664542792E+021   1.598415786113406E+010
    43   10   1.602103414290598E+010   2.563531294095261E+021   1.602103414290598E+010
    44   10   1.602103414290606E+010   2.563531294095286E+021   1.602103414290606E+010
    46   10   1.598415786113398E+010   2.552201664542768E+021   1.598415786113398E+010
    47   10   1.598415786113406E+010   2.552201664542792E+021   1.598415786113406E+010
    52   10   7.989738965326357E+009   6.377924376312056E+020   7.989738965326357E+009
    58   10   7.989738965326357E+009   6.377924376312056E+020   7.989738965326357E+009
  </DiscreteSampler_grid>
