  0.00001892365846978  0.00001964396909319  0.00002038814402325  0.00002123701121388
  0.00002229729677090  0.00002343171421735  0.00002461110449409  0.00002574076551478
  0.00002691065130682  0.00002801499669774  0.00002911509793657  0.00003027398470869
  0.00003152361692270  0.00003290462841859  0.00003446354500593  0.00003602405328191
  0.00003750970949715  0.00003895586973837  0.00004043771228264  0.00004202319050962
  0.00004368892367699  0.00004536998033473  0.00004701592748734  0.00004860392488830
  0.00005034247384954  0.00005220112536966  0.00005430244400120  0.00005641174699673
  0.00005859418447594  0.00006084158822316  0.00006302736225407  0.00006525145727112
  0.00006778437271195  0.00007036308227128  0.00007307145885265  0.00007632001023256
  0.00007965846394406  0.00008314477600993  0.00008679719776732  0.00009060348835697
  0.00009454510429398  0.00009860081942198  0.00010274431034379  0.00010685353828185
  0.00011131427354386  0.00011609696697987  0.00012111114531752  0.00012651000744891
  0.00013231780396681  0.00013837671324504  0.00014454765603226  0.00015113231285822
  0.00015818337407800  0.00016571952789495  0.00017364616126366  0.00018155434845586
  0.00018929207477239  0.00019711395645890  0.00020541046295181  0.00021507372481224
  0.00022519290500435  0.00023579580498547  0.00024730899867919  0.00025923881673849
  0.00027251890342210  0.00028764979470897  0.00030427173102065  0.00032357238909313
  0.00034383115341821  0.00036492858401189  0.00038717969304229  0.00041093169557421
  0.00043559147438643  0.00046318825541500  0.00049489613839607  0.00053309294942140
  0.00057582766963959  0.00062380508170894  0.00067592047382074  0.00073541917325143
  0.00079828405290857  0.00086724841990288  0.00094191612921858  0.00102502447827016
  0.00111876073092864  0.00122500793538207  0.00134588397685345  0.00146908866472702
  0.00157791083576189  0.00170726858287729  0.00198741716541334  0.00226369264845983
  0.00250742022723886  0.00271069128470868  0.00282758057264312  1.00000000000000000
  0.00002002517079971  0.00002062803927620  0.00002107875590039  0.00002141276375266
  0.00002167362244734  0.00002199886356579  0.00002231092810781  0.00002260706832628
  0.00002289519179027  0.00002317911420202  0.00002348357772683  0.00002383672578676
  0.00002422330490285  0.00002460886760642  0.00002497975603470  0.00002534661620768
  0.00002571675199006  0.00002610897771373  0.00002651761015766  0.00002694385873252
  0.00002740296186501  0.00002784142043011  0.00002829968602984  0.00002878341283414
  0.00002926733149890  0.00002975828803187  0.00003028634641793  0.00003092377181128
  0.00003169662214955  0.00003248655323202  0.00003327161785633  0.00003404232777318
  0.00003483819245305  0.00003568561603303  0.00003657076545335  0.00003751252642246
  0.00003855571250816  0.00003965497704614  0.00004084103345020  0.00004204687393607
  0.00004326850374062  0.00004458747161093  0.00004602960948424  0.00004753063038069
  0.00004899931222038  0.00005051824546271  0.00005213485142149  0.00005382485733901
  0.00005560601746678  0.00005747546741575  0.00005951459231131  0.00006165702287136
  0.00006380733247659  0.00006605355397055  0.00006841158064381  0.00007085607323712
  0.00007332671738871  0.00007583794201566  0.00007838405375463  0.00008093870252867
  0.00008362825207938  0.00008658019396158  0.00008957103901144  0.00009255737635031
  0.00009562932950103  0.00009900488606567  0.00010272778362994  0.00010676876813529
  0.00011137609758922  0.00011614822509655  0.00012080404344137  0.00012595417641161
  0.00013177284638928  0.00013803692076574  0.00014522396441098  0.00015273516006613
  0.00016073696798562  0.00016940972305345  0.00017909468744495  0.00019003644234872
  0.00020223558325511  0.00021582647389744  0.00023094934983496  0.00024776151971417
  0.00026693592146009  0.00028805005581951  0.00031253841900343  0.00034096699864799
  0.00037902518220343  0.00042962026887340  0.00050877492033887  0.00062770709215826
  0.00082590285897895  0.00134040892526532  0.00300752421176553  1.00000000000000000
 -0.00134012541752403  0.00551951634575040  0.01343929984858924  0.02098093392452924
  0.02869589187771188  0.03765976056160460  0.04506728900789016  0.05071187257132816
  0.05632356906996043  0.06211904570880106  0.06753724386802450  0.07307464690110266
  0.07853061536339723  0.08373129405872176  0.08863943932613100  0.09356512991107227
  0.09820015570653810  0.10293564653455235  0.10777708464067899  0.11280860166075025
  0.11811392263445994  0.12369134562264558  0.12915246881609732  0.13414056547084557
  0.13904033749392194  0.14373792678550745  0.14839709974511134  0.15314286054006881
  0.15805012751151079  0.16319799111899458  0.16860137607558798  0.17422413112405694
  0.18001308138082897  0.18603301634461544  0.19249928661854096  0.19913947666023413
  0.20556557293299735  0.21215816725283093  0.21902359007934208  0.22598726073492204
  0.23274431270984502  0.23959614031772758  0.24660933495827206  0.25404569458092191
  0.26180906135249959  0.26980606211062685  0.27854862728009000  0.28756806866446655
  0.29661730078264181  0.30581019738812060  0.31495482264975377  0.32401532057934684
  0.33312564998825689  0.34220179290677311  0.35136033151665436  0.36067685965777174
  0.37007216219612887  0.37946300751946010  0.38901374927471399  0.39873046571698106
  0.40859167613562314  0.41886674328749179  0.42972153904447613  0.44127786304196148
  0.45315143701497074  0.46561589349784166  0.47845698289814892  0.49141382506160025
  0.50430003131203960  0.51780800456080200  0.53168216931497947  0.54621058290191038
  0.56086883709948099  0.57555232004486701  0.59032414896472529  0.60581310509266262
  0.62254382784707452  0.63929554721136728  0.65617282056078352  0.67291715966861865
  0.68992956766066971  0.70767649501791652  0.72602163967003730  0.74533474261483657
  0.76435297798656199  0.78394507297647842  0.80413523301557577  0.82466753550221372
  0.84589214181952033  0.86691113172335954  0.88813369088048977  0.90905253014361043
  0.93063440771968642  0.95363443285831551  0.97714431977233973  1.00000000000000000
 -0.00314342471488345  0.01146767323695194  0.02323202803582555  0.03470625094927593
  0.04609304084658089  0.05759730170094576  0.06945942122966334  0.08111135847629658
  0.09179013691743566  0.10163890797674270  0.11101948898641237  0.12071980535227597
  0.13108600225317243  0.14170090189340057  0.15217540898327672  0.16295675047263763
  0.17364238290224410  0.18452538982007943  0.19528913309710255  0.20625966919097613
  0.21707521993396617  0.22730451829337589  0.23742504761444688  0.24786224004806057
  0.25872515551828401  0.26952100432869286  0.28009256992363984  0.29054727603553065
  0.30119445896629565  0.31229726492705739  0.32357876634477706  0.33481527290260504
  0.34549386849828317  0.35619505938706392  0.36733327970015800  0.37871258604445696
  0.38990851154389694  0.40045334625093038  0.41041921356553984  0.42075637204386612
  0.43178208958801328  0.44265843208025224  0.45285084434734468  0.46324841305000197
  0.47383424691224291  0.48480279020694400  0.49568057960727668  0.50608988015969048
  0.51666916791689610  0.52677399195755759  0.53666772072086455  0.54656767724642319
  0.55672730178281438  0.56700803249624887  0.57686184350557956  0.58624069711247584
  0.59537568786894191  0.60471920145102265  0.61476850446825027  0.62538276385687996
  0.63706019465587960  0.64825804620759131  0.65893116079296310  0.66949267447212335
  0.68023075800471444  0.69153105451051589  0.70322581201511491  0.71458564813596626
  0.72537302494887734  0.73576433515278794  0.74613292885839744  0.75659230670670952
  0.76686746288374696  0.77702794795228614  0.78705299366755166  0.79730336526855461
  0.80773672122328277  0.81865519744583948  0.82974082768228441  0.84074876845430579
  0.85140724365119735  0.86222187642623949  0.87325170171002386  0.88395444447829041
  0.89485540585471701  0.90622420916988722  0.91756011473770049  0.92733439535741102
  0.93648112005332351  0.94542296230446332  0.95448534035722199  0.96357018687770879
  0.97256297300515049  0.98180418665725055  0.99103295082693166  1.00000000000000000
 -0.00208853936383471  0.01017123804119964  0.01993376375480085  0.02993151178648193
  0.03943352739240989  0.04985498435796704  0.06034209743633324  0.07122201237602947
  0.08167814381058107  0.09225178467854918  0.10276784430260631  0.11251965163031621
  0.12225168938109594  0.13236764499170456  0.14281512246907732  0.15346239206731141
  0.16415330300369579  0.17477544196028613  0.18503325204903731  0.19465635026668840
  0.20387296162402999  0.21333978193892045  0.22304954201871463  0.23305181871421018
  0.24365868607169222  0.25466953193134645  0.26722380599474238  0.27861229128524700
  0.29033272203661148  0.30127554882734420  0.31217693065543317  0.32316448725302543
  0.33413780843766394  0.34294236484224905  0.35173080418814401  0.36075310493352958
  0.37013171881902829  0.37928764052276331  0.38839378276900693  0.39773373665140699
  0.40757709105220347  0.41746571610075511  0.42718251882018798  0.43705278451545604
  0.44719358354012861  0.45750331711844028  0.46819481828901610  0.47919802598599737
  0.49010271710911801  0.50105490534575181  0.51218634206610747  0.52281391982919345
  0.53351756662061933  0.54451214114004776  0.55547016417412431  0.56609887742804588
  0.57608606116890704  0.58561185009582251  0.59584225658116996  0.60622001132678893
  0.61770959987065110  0.62907403535744022  0.64013049344084083  0.65162627834031916
  0.66299895361903805  0.67432418996155141  0.68549938796532617  0.69722924080208426
  0.70926584434513029  0.72120239658683793  0.73290198233744808  0.74325034714657046
  0.75301868225111435  0.76191044196769475  0.77159699647163216  0.78180605688124638
  0.79234384476567832  0.80250150929800246  0.81278089923108032  0.82349043095326124
  0.83440334569023489  0.84505491554022272  0.85599922972154707  0.86726176822558476
  0.87847927525427849  0.88942845046053698  0.90033207936192161  0.91076635488166313
  0.92159587172186519  0.93261720474358989  0.94372766698478938  0.95448040124970623
  0.96585741344286735  0.97770451541644876  0.98931361664422957  1.00000000000000000
  0.08791954692116126  0.10002374160889577  0.12858685335143330  0.14727320909554889
  0.16586546498942875  0.18349201162995410  0.20063175533834307  0.21617698999962096
  0.23079488146758534  0.24449518240513030  0.25929518088226045  0.27456029562447937
  0.28976138586933980  0.30491817584907915  0.31936935433234553  0.33342035199209119
  0.34765676802263545  0.36179248129923935  0.37548593783092393  0.38897609548195761
  0.40240240278526807  0.41650712634212750  0.42975930359404330  0.44213654797612317
  0.45446315084559497  0.46729937079712974  0.48067792474408383  0.49474397567387718
  0.50872957282712838  0.52204090236959566  0.53437071014063664  0.54595959038328257
  0.55717774021513955  0.56825705381181868  0.57973981108638217  0.59154272041925360
  0.60337962485113195  0.61457884473063895  0.62527141604336367  0.63597368572778290
  0.64706707109519057  0.65827736111362656  0.66972451686258394  0.68082300412820951
  0.69154421593962601  0.70187336330042649  0.71216860927111192  0.72226055031340330
  0.73247300965026352  0.74245410477454421  0.75279467421795609  0.76255442958789355
  0.77188176135535269  0.78109772753587892  0.79006216478724822  0.79919747214988823
  0.80827505486907858  0.81692328590126329  0.82522996953897076  0.83315823787187593
  0.84069623742548338  0.84789224203282854  0.85483772398178393  0.86156250333992035
  0.86802869684250028  0.87433267434180417  0.88040094180602735  0.88626157531730088
  0.89196673452634645  0.89721367945259145  0.90198851856321360  0.90670744189431707
  0.91150634871191805  0.91614755654377400  0.92049794744633273  0.92454624398690288
  0.92860417968124520  0.93266635421723509  0.93674280546397859  0.94075645935241436
  0.94459570171181551  0.94832742841679707  0.95203451958058583  0.95566378836855737
  0.95927888917181303  0.96315649800440939  0.96709818862791397  0.97099395842827452
  0.97464499837286245  0.97807141517539231  0.98139375408696505  0.98467343460135937
  0.98798323490620854  0.99150999411801743  0.99558955976487062  1.00000000000000000
 -0.00897458065195759  0.05334565919224186  0.08032052738854321  0.09719189056998122
  0.11020859192890392  0.12112888189696125  0.13045278488490752  0.13904222164376440
  0.14758367464698868  0.15614412137016848  0.16427471821765552  0.17178367579320047
  0.17825783915603072  0.18454292128116775  0.19043706340228861  0.19605926711855343
  0.20166812511256302  0.20719553688717468  0.21266630773170489  0.21822730748686325
  0.22378240424606485  0.22922743082884545  0.23469705114325368  0.24016972400022782
  0.24578959452779034  0.25131273984745356  0.25683452977856475  0.26225441837929597
  0.26759365454917161  0.27315429270866731  0.27860236462512283  0.28389963184274647
  0.28903332025063339  0.29390042255476495  0.29891091090503902  0.30415538448745666
  0.30941000975532573  0.31469438939084698  0.31988545433797716  0.32513811778211571
  0.33034642469488890  0.33582961715618298  0.34121102785225427  0.34645180923674107
  0.35192584087659351  0.35762191429272611  0.36379692454176071  0.37010215122275775
  0.37622631111545479  0.38215083192250604  0.38795476929339745  0.39367912650158088
  0.39950586655423453  0.40563491882249975  0.41201858180126977  0.41831897816911362
  0.42482539625215682  0.43114892940157040  0.43826574166407151  0.44580559857964325
  0.45347031012718070  0.46043534208147696  0.46727364832712154  0.47357855546718786
  0.48031322410884175  0.48732358549952998  0.49481772282068331  0.50275167898645956
  0.51068119083807817  0.51844367661046264  0.52645917712689783  0.53446819748048435
  0.54286923561926825  0.55169628152593497  0.56109040617349637  0.57043356558978953
  0.57983255721969196  0.58951906199204507  0.59966468720138610  0.61034934223678228
  0.62088495999290072  0.63135707449977085  0.64194500022318679  0.65302334917302252
  0.66414585223497236  0.67557949514572868  0.68821271394777594  0.70276623970953234
  0.71837446046311670  0.73474385634518169  0.75357549812662061  0.77493702370215711
  0.79993178757577277  0.82931663873105799  0.87268481829196132  1.00000000000000000
   6.7469332894193794       -1.0000000000000000     
 F T F T F T F F T F T F T F F F F F F T F T F T F F T F T F T F F T F T F T F F T F T F T F F F F F F T F T F T F F T F T F T F
  <DiscreteSampler_grid>
  grouped_processes
  1 # 1 for a reference and 2 for a running grid.
  10 # Attribute 'min_bin_probing_points' of the grid.
  1 # Attribute 'grid_mode' of the grid. 1=='default',2=='initialization'
  0.0000000000000000 # Attribute 'small_contrib_threshold' of the grid.
  0.5000000000000000 # Attribute 'damping_power' of the grid.
 # binID   n_entries weight   weight_sqr   abs_weight
    13   10   8.018990148336938E+007   4.051635026469790E+016   8.018990148336938E+007
    14   10   8.018990148336941E+007   4.051635026469791E+016   8.018990148336941E+007
    16   10   8.018990148336938E+007   4.051635026469790E+016   8.018990148336938E+007
    17   10   8.018990148336941E+007   4.051635026469791E+016   8.018990148336941E+007
    22   10   8.018990148336938E+007   4.051635026469790E+016   8.018990148336938E+007
    23   10   8.026923498423545E+007   4.053003026697157E+016   8.026923498423545E+007
    25   10   8.026923498423541E+007   4.053003026697150E+016   8.026923498423541E+007
    26   10   8.026923498423547E+007   4.053003026697157E+016   8.026923498423547E+007
  </DiscreteSampler_grid>
