  0.00002071563433186  0.00002138925830690  0.00002192460131288  0.00002230943632696
  0.00002260342009306  0.00002292980953400  0.00002327992403939  0.00002361004399809
  0.00002388573950422  0.00002413271398284  0.00002437299282098  0.00002465093229310
  0.00002497691161237  0.00002529417843212  0.00002560266250255  0.00002591935339755
  0.00002622846206205  0.00002645063522255  0.00002669781922019  0.00002696841230627
  0.00002727107076356  0.00002767294390979  0.00002803954329050  0.00002839010514780
  0.00002874172242315  0.00002916342310358  0.00002961379687552  0.00003008270234424
  0.00003049783647612  0.00003086800990391  0.00003124943267100  0.00003159390826102
  0.00003205971068751  0.00003257208001729  0.00003316113946153  0.00003374132167363
  0.00003422383259892  0.00003476023611562  0.00003535933751650  0.00003606389605368
  0.00003682445771282  0.00003759638027601  0.00003835430475610  0.00003914054335053
  0.00004003286189119  0.00004104254170558  0.00004217378948920  0.00004335684764072
  0.00004462320458189  0.00004598754139049  0.00004758396688474  0.00004897998611977
  0.00005034488279730  0.00005173754030779  0.00005320921619979  0.00005478778905362
  0.00005651018497294  0.00005838535672886  0.00006042226818297  0.00006263767038746
  0.00006501654240192  0.00006758946006614  0.00007030446535801  0.00007295196608703
  0.00007555603472968  0.00007843403621850  0.00008176923532502  0.00008564137760242
  0.00008939460105169  0.00009303750925667  0.00009699410208809  0.00010082846581921
  0.00010476500586437  0.00010990179468461  0.00011596223076624  0.00012245436480752
  0.00012932215304365  0.00013706370995296  0.00014481840742320  0.00015342055910795
  0.00016268052114164  0.00017359377789119  0.00018581824121122  0.00020027036010682
  0.00021715339975836  0.00023427944577305  0.00025260670687652  0.00027345868477661
  0.00029891815606230  0.00033499092949833  0.00039879094393990  0.00049115357709846
  0.00061735102337816  0.00082245470413008  0.01356600446027328  1.00000000000000000
  0.00001889641764450  0.00002344818861061  0.00002740467232964  0.00003064272234467
  0.00003381707750763  0.00003717421981135  0.00004034082415949  0.00004336587773790
  0.00004649917324747  0.00004984486023467  0.00005315493308352  0.00005642605079986
  0.00005973545280979  0.00006330340706061  0.00006687980156717  0.00007059143071179
  0.00007421283492855  0.00007778119852413  0.00008145861955803  0.00008488995053621
  0.00008849771192986  0.00009245123988264  0.00009674544758915  0.00010083974061962
  0.00010488126356071  0.00010916919511503  0.00011438689693336  0.00011992966117165
  0.00012571573075752  0.00013182772433844  0.00013840614208711  0.00014580617924503
  0.00015359505644849  0.00016121473037429  0.00016972623663974  0.00017880861537449
  0.00018943214551216  0.00019969245736856  0.00020884713357149  0.00021735435725883
  0.00022513868978854  0.00023274721544275  0.00024039955075004  0.00024848859734075
  0.00025776618121061  0.00026877488343538  0.00027910149139365  0.00028917276582249
  0.00029975447046768  0.00031194420175275  0.00032805740474470  0.00034223265931786
  0.00035579905347370  0.00037322761737827  0.00038794553720531  0.00040312543141243
  0.00041773724622209  0.00043292304129671  0.00044710818675994  0.00046045032944779
  0.00047381789143200  0.00048806721918939  0.00050361268983568  0.00051974281662358
  0.00053463614023973  0.00054766096066895  0.00056268521295839  0.00057902148286669
  0.00059811093105760  0.00061869277560598  0.00064453992406396  0.00067988149658942
  0.00071661058243626  0.00075180274623020  0.00079104223458030  0.00083707894491307
  0.00089350675687710  0.00096449149679322  0.00104347054157009  0.00113331426405794
  0.00123703483726160  0.00135343821732126  0.00149562206649257  0.00152461950191508
  0.00154808249689869  0.00157154549188230  0.00159500848686591  0.00161847148184952
  0.00189763387757604  0.00227532781103413  0.00265302174449223  0.00303071567795033
  0.00340840961140842  0.00378610354486652  0.00423979844005868  1.00000000000000000
 -0.00351558117909882  0.01106693601245576  0.02425302702278306  0.03643294115175459
  0.04588762250815065  0.05334363987992689  0.06076621116196402  0.06871355662806208
  0.07859233812203688  0.08950727268386073  0.10005913439017482  0.11032771309158407
  0.12056654561008343  0.13079335941501477  0.14095511888182979  0.15116204046610540
  0.16155271862716286  0.17191284752460698  0.18231923381870591  0.19387225630532368
  0.20700612048793465  0.22062729903729125  0.23306316139699701  0.24421423760836913
  0.25485879887031804  0.26398441418382390  0.27227433753619762  0.28077951468393680
  0.28961570008123599  0.30058742351721002  0.31314842793659414  0.32544976122079272
  0.33637331487036548  0.34661702844673514  0.35660132013121393  0.36671489203525909
  0.37779048107996588  0.38994250106123157  0.40219527830962049  0.41404264604571295
  0.42645428963762316  0.43969603786346834  0.45203767117962113  0.46282273947722496
  0.47199025391150318  0.48056272179740073  0.49037300377214521  0.50215557771101771
  0.51474980774141299  0.52696362905845762  0.53837685695103743  0.54844517788314162
  0.55782485630287892  0.56763984844933602  0.57653418218359953  0.58508922521244633
  0.59455631696017552  0.60417747741993832  0.61342894414199423  0.62143048419816060
  0.63037174314571431  0.63947809633171426  0.64815049912673561  0.65770184192094072
  0.66797049235417461  0.67888429088825930  0.69009315148861861  0.70054569566352232
  0.71072104864967944  0.72017238391873806  0.72986593619887197  0.74035584588185999
  0.75194884853802268  0.76348975503920480  0.77486686405160976  0.78678699757346471
  0.79937849570785025  0.81146754825413114  0.82383142754446415  0.83654389312378841
  0.85040200124556131  0.86262827349094073  0.87438131890459614  0.88646387095063295
  0.89787423933659039  0.90773520700725063  0.91795898230376549  0.92826382425579412
  0.93882070972871579  0.94713927027227884  0.95698561056012299  0.96598875045129962
  0.97436069243105061  0.98260912525616795  0.99109644528297358  1.00000000000000000
  0.00001244659578290  0.00001809133722981  0.00002373607867672  0.00003129957476190
  0.00004187729343795  0.00005245501211399  0.00006417889089638  0.00007605398906995
  0.00008863881925222  0.00010160304200911  0.00011516164359040  0.00012910449729967
  0.00014386405853829  0.00015898647283315  0.00017426407759027  0.00018957572657800
  0.00020556839370430  0.00022169284060531  0.00023825522114935  0.00025540438892742
  0.00027315631511406  0.00029196743128808  0.00031123704418065  0.00033130033295457
  0.00035197043558427  0.00037285592109351  0.00039371536132781  0.00041502378411792
  0.00043661472962006  0.00045860004065609  0.00048212182093733  0.00050350297054677
  0.00052162338466795  0.00053763753986191  0.00055451714698286  0.00057205865790443
  0.00059295524534230  0.00061323820619313  0.00063463684562817  0.00065650673024285
  0.00067976727555184  0.00070554122128485  0.00073263990305516  0.00076065112898715
  0.00078997964235413  0.00082195434620365  0.00085631007664440  0.00089192947166462
  0.00092730007785696  0.00096225479721008  0.00100945013387628  0.00106498448175591
  0.00111841616768868  0.00118008922003620  0.00124340609805473  0.00131103642518934
  0.00139495278108859  0.00148273214788780  0.00158120561482607  0.00169720704131815
  0.00182534369392100  0.00196993278278142  0.00216243397706819  0.00227386772447998
  0.00233600321107837  0.00239813869767676  0.00246246092438681  0.00252714459382250
  0.00259190541746389  0.00265791318247597  0.00272392094748806  0.00284262405182924
  0.00313318141592096  0.00343479916885074  0.00374095803673878  0.00406147418392945
  0.00442529464779942  0.00485670738316137  0.00534537865117243  0.00596436561958807
  0.00659070390061239  0.00704709404382447  0.00751262691981639  0.00815637031861632
  0.00896508476221734  0.00959802245730857  0.01038282794557319  0.01154351401590225
  0.01289142598818779  0.01583788007858988  0.01792344203526762  0.02354126938110003
  0.02548451086370783  0.03652318640270551  0.05826618571777521  1.00000000000000000
 -0.00148018535580157  0.00569793461537729  0.01277585404845938  0.01966311829056327
  0.02674996689319191  0.03422857528615193  0.04196510036942286  0.04892333815354730
  0.05502355895915884  0.06019928960124077  0.06432470755856191  0.06753544224108152
  0.07188211908284550  0.07644852702904638  0.08121915314292559  0.08524229832158731
  0.08925302192600913  0.09340703576984756  0.09802080271160188  0.10270450321978267
  0.10729353601749246  0.11230329614150417  0.11743574201413177  0.12245741304528812
  0.12797826676532886  0.13470353712262723  0.14126938970502481  0.14765007013542661
  0.15423363606342999  0.16101992062719606  0.16821624511978120  0.17584862259258999
  0.18409913987775062  0.19393545561557507  0.20418911930237504  0.21434386082202450
  0.22396105797004415  0.23378397516537436  0.24427354805806809  0.25562435749538698
  0.26758447264603685  0.28212095337941373  0.30030457855495912  0.32365174213538217
  0.35116898710521549  0.38114905828762108  0.41292081891317339  0.44381935025329411
  0.47279480574842370  0.50813019062888565  0.54435760444058912  0.58124098810252733
  0.62190070788434093  0.65696670702611926  0.68168637942431287  0.70164257783096562
  0.71862231191044323  0.73345273082664264  0.74668740819861246  0.75850604351935125
  0.76874247326252698  0.77851239197924393  0.78804715972649586  0.79664229668754372
  0.80418479503302842  0.81176323458061883  0.81899639416822045  0.82586228309922893
  0.83252179461962361  0.83896245683005433  0.84550501366780029  0.85131693835538724
  0.85736031233589693  0.86380955885488531  0.87007007367509637  0.87740167136587000
  0.88447356031400526  0.89074127164688555  0.89686557220142060  0.90293249409440757
  0.90917781808267417  0.91625397580650347  0.92365649836142882  0.93048205896309499
  0.93673513857053003  0.94270985644249161  0.94780862653256781  0.95287336017007040
  0.95910577858209978  0.96545498761656723  0.97139995108806454  0.97639251749144673
  0.98115078144933920  0.98658754885251998  0.99194463546025047  1.00000000000000000
  0.11271813828165886  0.19219563217141389  0.21702701532633134  0.23532369489676122
  0.25406990885682079  0.27300256523196820  0.29092027835263329  0.30922046695748096
  0.32627057523169928  0.34158069556214171  0.35553740249645421  0.36945950308978798
  0.38371207379908234  0.39818602984153412  0.41232659286223017  0.42629716236552717
  0.44013839156359980  0.45368344528702365  0.46679611503743107  0.47991028426151894
  0.49304205443243965  0.50594699244169272  0.51845585335625999  0.53067502157487978
  0.54241328840916858  0.55316684464296340  0.56339077544463378  0.57337586242867822
  0.58340872533492327  0.59348444294772273  0.60365087822115737  0.61368056633948620
  0.62284692149342102  0.63117821471308766  0.63922077290969725  0.64701077131913542
  0.65457469551105441  0.66214045080922279  0.66933220404521021  0.67659516156883537
  0.68350785192766572  0.69000658020761507  0.69633876570281450  0.70268385091473362
  0.70885138753610066  0.71501985629163189  0.72148502524647562  0.72845556523477406
  0.73567573066072467  0.74293206733218364  0.74999017582971372  0.75668953769718583
  0.76307335133118515  0.76928976295109597  0.77588635462982614  0.78287864193693768
  0.78985351010619742  0.79685504751344771  0.80398622568571498  0.81106720199768056
  0.81818290268893157  0.82477273566802012  0.83105505137610913  0.83745266641696348
  0.84411257276157126  0.85130537990806121  0.85882699459848022  0.86595663549623259
  0.87302002718266769  0.87955581771156022  0.88582001856143500  0.89162705581026747
  0.89750231425493843  0.90364495554169388  0.91053040211151137  0.91685808115492895
  0.92165496789074941  0.92514986335476679  0.92862422918830745  0.93223479905174111
  0.93651340473489164  0.94125373237412968  0.94582419084010527  0.94996248373914904
  0.95403761979318835  0.95826791744936990  0.96244012733534379  0.96634353689907626
  0.96996811562070551  0.97327652577307644  0.97634489891229059  0.97988148313793844
  0.98434938285725704  0.98922838763588838  0.99421334346742352  1.00000000000000000
 -0.01211044671077579  0.06274745038490140  0.08893931146361059  0.10646839154282181
  0.11998891782527935  0.13059985695302839  0.14033364258378572  0.14912110529128883
  0.15646750528624512  0.16335034095915787  0.17049947668276838  0.17701629877825198
  0.18320619248924355  0.18932423461737705  0.19606163529921189  0.20291416047698627
  0.20993143385525234  0.21686655225820750  0.22372631329555331  0.22999029250422809
  0.23647603947145243  0.24310818896141098  0.24913577116763008  0.25437029753511636
  0.25981121459548628  0.26553701264821872  0.27183318147026109  0.27850743536415717
  0.28488336484819154  0.29057191865033122  0.29596903528861812  0.30147152023347384
  0.30734574507932194  0.31396197582917423  0.32062876413533037  0.32660925287445614
  0.33249120605676774  0.33868711882191188  0.34531405201719428  0.35163456365407658
  0.35717706083958295  0.36220548536210018  0.36703838587688414  0.37218388591175988
  0.37711688638809510  0.38367412645597254  0.38990135219372596  0.39648957694927484
  0.40291819699775977  0.40956445603922148  0.41568271745855251  0.42066763250589539
  0.42500617499405013  0.42942424790174877  0.43403245578524230  0.43881350203674235
  0.44378553217084299  0.44907596370736119  0.45494205719570141  0.46074105137720134
  0.46681086798203580  0.47273555903081815  0.47910888191742090  0.48495656796510744
  0.49116920327751323  0.49723313072297876  0.50544020302578374  0.51472797786214541
  0.52249254184248928  0.52974102547655477  0.53700735682884682  0.54456451569016107
  0.55326675918351653  0.56348043394797509  0.57296448221285257  0.58203576370931087
  0.59177188985794016  0.60057889822015076  0.60809011896757525  0.61538048917713450
  0.62343030486798068  0.63179179981375233  0.64105706705976107  0.65106979535129617
  0.66229095675033534  0.67293753538839918  0.68353519604885982  0.69515113035801235
  0.70820618689156378  0.72389680320664551  0.74154478673898472  0.76373630647410251
  0.78605205424565505  0.81219858718622007  0.85238630592077202  1.00000000000000000
   2.8772588477032701       -1.0000000000000000     
 F T F T F T F F T F T F T F F F F F F T F T F T F F T F T F T F F T F T F T F F T F T F T F F F F F F T F T F T F F T F T F T F
  <DiscreteSampler_grid>
  grouped_processes
  1 # 1 for a reference and 2 for a running grid.
  10 # Attribute 'min_bin_probing_points' of the grid.
  1 # Attribute 'grid_mode' of the grid. 1=='default',2=='initialization'
  0.0000000000000000 # Attribute 'small_contrib_threshold' of the grid.
  0.5000000000000000 # Attribute 'damping_power' of the grid.
 # binID   n_entries weight   weight_sqr   abs_weight
    13   10   2.481758181787509E+007   1.154714040038038E+015   2.481758181787509E+007
    14   10   2.481758181787511E+007   1.154714040038041E+015   2.481758181787511E+007
    16   10   2.481758181787510E+007   1.154714040038040E+015   2.481758181787510E+007
    17   10   2.481758181787510E+007   1.154714040038040E+015   2.481758181787510E+007
    22   10   2.481758181787509E+007   1.154714040038039E+015   2.481758181787509E+007
    23   10   2.481596745306240E+007   1.154713593017477E+015   2.481596745306240E+007
    25   10   2.481596745306239E+007   1.154713593017475E+015   2.481596745306239E+007
    26   10   2.481596745306240E+007   1.154713593017477E+015   2.481596745306240E+007
  </DiscreteSampler_grid>
