  0.00001993691162403  0.00002048916882092  0.00002133158057720  0.00002229611274901
  0.00002325264031553  0.00002418042390823  0.00002513835395021  0.00002615679510843
  0.00002719289218592  0.00002834939566451  0.00002941489778234  0.00003056938636658
  0.00003178180758169  0.00003309110015895  0.00003445301164296  0.00003598297487174
  0.00003760471714152  0.00003920500150492  0.00004083969564156  0.00004247476259195
  0.00004411512918609  0.00004578263369463  0.00004751890086491  0.00004930759169757
  0.00005121653380161  0.00005327700573319  0.00005541729226361  0.00005757227445048
  0.00005975200677505  0.00006195546471929  0.00006419865655504  0.00006661607697830
  0.00006921178523367  0.00007178195628708  0.00007443982114404  0.00007736855867396
  0.00008028717461137  0.00008335653993911  0.00008669846258090  0.00009022322994447
  0.00009382203720983  0.00009749481568999  0.00010128571176051  0.00010518960499804
  0.00010927713805612  0.00011366258674966  0.00011818707636366  0.00012285076879208
  0.00012787387283544  0.00013326189535046  0.00013884604988470  0.00014498188653858
  0.00015118408669747  0.00015745932004231  0.00016403179441509  0.00017097634661205
  0.00017830278709046  0.00018605732187647  0.00019411614934982  0.00020210256624594
  0.00021105139047021  0.00022089013655730  0.00023103976551606  0.00024213233641494
  0.00025357757844515  0.00026584128643521  0.00027959508291190  0.00029449014313960
  0.00031052637460744  0.00032753674204048  0.00034557402707489  0.00036506174971130
  0.00038586151543402  0.00040849946353115  0.00043205102004193  0.00045901315243137
  0.00048767069685563  0.00052074134088028  0.00055558936301372  0.00059638553082607
  0.00064031985250864  0.00068734504643725  0.00073690076536249  0.00079284650766070
  0.00085798781767997  0.00094142995470971  0.00104357875446566  0.00114788824822844
  0.00125278353360232  0.00137007899379214  0.00151347686635392  0.00169781254042910
  0.00197994921982934  0.00248980925841287  0.00350029695266323  1.00000000000000000
  0.00001847525622938  0.00002041762663167  0.00002111712917628  0.00002183086556239
  0.00002248796073294  0.00002311938627183  0.00002376537642242  0.00002440939892212
  0.00002505533137316  0.00002569775720142  0.00002634801882239  0.00002706277637561
  0.00002783448492934  0.00002861695642111  0.00002939767463565  0.00003021589746870
  0.00003111121394231  0.00003205444925286  0.00003300557408016  0.00003393087782775
  0.00003491904741370  0.00003596255412078  0.00003705050310237  0.00003816486907623
  0.00003934228062506  0.00004060179980310  0.00004191947153527  0.00004328176085161
  0.00004473962355229  0.00004632140623596  0.00004796636538595  0.00004963472645520
  0.00005139214215927  0.00005325076572539  0.00005515365529814  0.00005713698676734
  0.00005923443093165  0.00006141922878276  0.00006361618411111  0.00006594586302502
  0.00006850237372598  0.00007108485959318  0.00007383869027078  0.00007689839044481
  0.00008016293053408  0.00008351485370321  0.00008700162601575  0.00009068453235732
  0.00009447957201663  0.00009878444093533  0.00010320425819515  0.00010764602172610
  0.00011232133917162  0.00011720060349390  0.00012228489599463  0.00012776590403889
  0.00013360192583428  0.00013961551467529  0.00014618899455236  0.00015295892334478
  0.00016044679443471  0.00016883431436402  0.00017724486158631  0.00018627920844316
  0.00019564711993303  0.00020554626621919  0.00021619754569318  0.00022727037661490
  0.00023936530771559  0.00025206327418753  0.00026571697830073  0.00028037037942471
  0.00029648758172725  0.00031446718193320  0.00033369135175154  0.00035441573974511
  0.00037710006700453  0.00040233061904074  0.00042965710064687  0.00045829173290095
  0.00048930537017516  0.00052291416795353  0.00056057461596519  0.00060312274530376
  0.00065066534335841  0.00070379366873219  0.00076361061721008  0.00082638935563417
  0.00088589306977820  0.00095551458549557  0.00104504726056637  0.00115374863172599
  0.00129620219625571  0.00148053705809652  0.00157311078010254  1.00000000000000000
 -0.00116002613229080  0.00884018596252494  0.01809920995098575  0.02783312523955293
  0.03809731750498010  0.04836307806000729  0.05873145822436364  0.06912050122213961
  0.07941534063319697  0.08962608526158014  0.09948021912419858  0.10938838306944140
  0.11914479289186707  0.12879204377885214  0.13821633778610923  0.14753149226741458
  0.15690343717032890  0.16628092155554869  0.17580245061164862  0.18535409697188257
  0.19465165744914364  0.20380295995375194  0.21305094848508216  0.22231364121981201
  0.23146057730554584  0.24056427994857152  0.24966721079260690  0.25886576121156507
  0.26775792479912275  0.27647497703183077  0.28502092084555525  0.29379511666314895
  0.30260327205091697  0.31151855063823169  0.32043890100374772  0.32932382907448332
  0.33829839954791691  0.34724335768915282  0.35643868054337091  0.36531817305351377
  0.37443113235630360  0.38375314657403409  0.39344278156264961  0.40303793940524024
  0.41239501793883093  0.42145072054643357  0.43038084136686322  0.43932870683391695
  0.44863130817558783  0.45834304837738771  0.46844378514336393  0.47820654756963132
  0.48799931868637825  0.49796920972110847  0.50823833978093358  0.51859456313988517
  0.52892225325494546  0.53919827333133896  0.54946344372786893  0.55999460284767366
  0.57052790743581949  0.58112580554845172  0.59167833727779862  0.60225298154492635
  0.61285376658466595  0.62342733442424025  0.63401687888435243  0.64468027640226588
  0.65530743813752135  0.66593011344372011  0.67663923156020889  0.68748979325592918
  0.69847365306243903  0.70949807284298227  0.72071830080995303  0.73204159851941009
  0.74360496828615652  0.75488394820391358  0.76603329378475116  0.77738759846694583
  0.78939077132324431  0.80152147828758658  0.81342626584614930  0.82543663444561433
  0.83782269636110407  0.85042668972440749  0.86370095786579515  0.87767109703014234
  0.89242979399057742  0.90739315124418307  0.92278741356155713  0.93699138852944341
  0.95150041485542525  0.96647797832453086  0.98284064815171723  1.00000000000000000
 -0.00267873301369831  0.01066334669983739  0.02184392213892989  0.03244999962866895
  0.04324457634431492  0.05370254725489440  0.06408645119775459  0.07417548697287868
  0.08439769066677265  0.09510582849393261  0.10609838587656589  0.11673879582608415
  0.12712588102443095  0.13698678967337344  0.14692970313444792  0.15693841548306761
  0.16737810923623958  0.17804898664957466  0.18891277070288945  0.20000285189105477
  0.21102292543343512  0.22210863074166035  0.23303855877800822  0.24381273625101896
  0.25458622235859840  0.26513340504666838  0.27569618985957473  0.28609217267515025
  0.29660311973164599  0.30699856428436861  0.31730510787503496  0.32777381529516580
  0.33821697512692583  0.34889894033163443  0.35959397586581798  0.37039359714407699
  0.38138191643839092  0.39262134156576045  0.40370351806210619  0.41521258997374394
  0.42661213888621657  0.43784377829930393  0.44817267536746486  0.45877202304369791
  0.46962149071680814  0.48025671185909119  0.49113139024039004  0.50204259152617359
  0.51318923359053858  0.52359986172210282  0.53421748789526968  0.54468687885262623
  0.55512793854253983  0.56532699193293456  0.57549119092079160  0.58597183462384805
  0.59672932370263077  0.60755347748081667  0.61831382135966995  0.62865272251133142
  0.63924840348878942  0.64983985724531601  0.66083396475847167  0.67163810336148178
  0.68231324461973042  0.69264616275781832  0.70264187573957437  0.71282873875915165
  0.72322563773047399  0.73364683725114677  0.74387015034761572  0.75389451587365797
  0.76391062539337240  0.77374721123009194  0.78360408969926398  0.79360817315215038
  0.80412016402826803  0.81458742616064128  0.82501011246084899  0.83527696564872445
  0.84574926836266306  0.85626281093718215  0.86670005359769309  0.87711309026874906
  0.88784810985161344  0.89834300288322655  0.90879931198162411  0.91912440554386921
  0.92936716433147748  0.93972745782999501  0.95001769638400102  0.96050975448211184
  0.97057533324228107  0.98042790812911196  0.99016241736593036  1.00000000000000000
 -0.00275159033454818  0.01014699874346942  0.02122449458346612  0.03230267282033261
  0.04315191043756281  0.05388518362369067  0.06489042225191430  0.07618960562894043
  0.08757591936221516  0.09899841176515221  0.11021876416991458  0.12147902108247000
  0.13226955539131555  0.14286549159658959  0.15328335881499075  0.16347128029982802
  0.17371941687555548  0.18425837175408141  0.19452057422076868  0.20451972362164239
  0.21438445980803822  0.22482905155484220  0.23532856817660505  0.24572319875348478
  0.25611017176823353  0.26668635423925208  0.27749741196698252  0.28820208911945067
  0.29848931850309651  0.30914669876568773  0.31963150768174431  0.33055726019536325
  0.34115991840449778  0.35169206584418600  0.36225887698701487  0.37294051683408924
  0.38405899872691729  0.39525018160202052  0.40616684192088492  0.41694950115642343
  0.42780658694881557  0.43870440144891126  0.44920301629562337  0.45953846199630738
  0.46992636453704584  0.48047698816743473  0.49108048010783750  0.50156611494939207
  0.51174302207963462  0.52161590057532692  0.53160669050233100  0.54184700312992595
  0.55218781905614933  0.56249572016850813  0.57287311903803784  0.58348910153445932
  0.59397882656854517  0.60405508825137233  0.61406238606732877  0.62409769172080498
  0.63429714992654618  0.64473457394841782  0.65523198943626326  0.66603404662723109
  0.67671741461660817  0.68759199096787404  0.69819801935878723  0.70885375944422124
  0.71955883980892388  0.73027360755391535  0.74072376312737431  0.75092109132899643
  0.76144106154719393  0.77188648486794353  0.78223726711118535  0.79266700019884229
  0.80300937162811181  0.81372605544317156  0.82391316683935967  0.83434359287682469
  0.84438542914765069  0.85465717130564134  0.86516667425113547  0.87562729659441352
  0.88604962573621981  0.89655625351949531  0.90683699300692855  0.91761918560070244
  0.92820420188469133  0.93876610478752864  0.94856233162915204  0.95876958185027472
  0.96881311934085201  0.97912072952136053  0.98929286852324383  1.00000000000000000
  0.07060393083070376  0.11843672377993739  0.13963588025469073  0.15059988674191138
  0.16058804399158289  0.16931300950134875  0.17848906479072929  0.18842360967863825
  0.19792648656562425  0.20691361811683529  0.21632033664808520  0.22559623077102361
  0.23474756977976269  0.24415529876948738  0.25375621481013705  0.26298540418524136
  0.27189439206475319  0.28063484335050187  0.28946105790281396  0.29844001234370443
  0.30735735137834891  0.31619657428433262  0.32499914407590680  0.33380254685200833
  0.34270666186135273  0.35157981666380489  0.36034026276199199  0.36904865719250207
  0.37769976322218635  0.38638494043267246  0.39514180312870162  0.40398461538507502
  0.41288807327387944  0.42163411301557052  0.43043002388379137  0.43944325743612483
  0.44867339497658254  0.45807795562828879  0.46733096095134202  0.47635061618898356
  0.48527921575764654  0.49425742300553627  0.50304194712157135  0.51141796294112396
  0.51966733674809240  0.52811568867024994  0.53657726826230978  0.54515070419871559
  0.55390558683580504  0.56281024101143373  0.57201013124770128  0.58128234279923308
  0.59051864171138480  0.59963610007410562  0.60846087407333571  0.61708308571074932
  0.62559024917388917  0.63400108844022085  0.64240063498499400  0.65085611812094779
  0.65927317228728743  0.66770964851918835  0.67624511526427578  0.68472202819924999
  0.69310016031881116  0.70139567469431319  0.70969717603162752  0.71800279746983764
  0.72643644024412146  0.73513988886547732  0.74402479502633379  0.75279127408050950
  0.76153709385044022  0.77029499065578266  0.77901560766247313  0.78800135022472684
  0.79681033981001470  0.80548165484458822  0.81419471015926970  0.82280855930595487
  0.83140557428652329  0.84029471222520569  0.84922864153139899  0.85859837080658308
  0.86825535049542713  0.87776252693753087  0.88707825264531159  0.89641568829285256
  0.90586332690175764  0.91565104797980967  0.92552059224114358  0.93603049614211264
  0.94757141135846434  0.96063377882086243  0.97700194933097306  1.00000000000000000
 -0.01753145699073879  0.10074656197259142  0.13569225244158717  0.15628853753798147
  0.17308166975260578  0.18773879124384979  0.20062783639122808  0.21249892107334001
  0.22373613091574043  0.23445718355333919  0.24421602103635751  0.25374633774877825
  0.26272102616125281  0.27187508749112638  0.28022007029510998  0.28877490126301725
  0.29699515136529858  0.30532714727639987  0.31319047644395254  0.32069830576762792
  0.32791119786606754  0.33497254191207299  0.34202232310791031  0.34908879153335381
  0.35604609387566860  0.36286222594760409  0.36963103371403261  0.37632592335452419
  0.38280061070806687  0.38902612024075611  0.39521405402158732  0.40141573274570830
  0.40768487619753158  0.41405564934272587  0.42012193811665988  0.42601011366312858
  0.43170164130107969  0.43735480651100733  0.44309455130006797  0.44889773552561746
  0.45475138389048031  0.46063124353767809  0.46643563455172316  0.47216626965297759
  0.47788694818643862  0.48372728158674300  0.48972893827369413  0.49582915052863547
  0.50169026792882920  0.50747580162443529  0.51322100065328047  0.51897030837892455
  0.52473957813617733  0.53056258499527742  0.53650798799610699  0.54262971108402192
  0.54885556495542165  0.55496187901986649  0.56089633496402647  0.56687251836970076
  0.57291713735716854  0.57901489440978915  0.58500480505320274  0.59101275271957421
  0.59722172155423614  0.60361363313376160  0.61009335686060417  0.61657938890720920
  0.62302941197982287  0.62935833987248280  0.63556522117504044  0.64180957384200399
  0.64837660213261916  0.65544894612716376  0.66271649278562583  0.66984759099964908
  0.67677070725066046  0.68361188929975691  0.69089299142447436  0.69851720591199351
  0.70625828157175041  0.71412386206852219  0.72230816641248141  0.73092135350102549
  0.74024145061501001  0.74980549350285952  0.75976013190767966  0.77005513312697216
  0.78131355955764359  0.79378074210938654  0.80774393609240058  0.82310966754423132
  0.84032601283095076  0.86153648470190458  0.89708390234967250  1.00000000000000000
  0.14006641473147557       -1.0000000000000000     
 T F F T F F F F T F F T T F F T T F F T T F F T F F F F T F F T F F F F F F F F F F F F F F F F F F F F F F F F F F F F F F F F
  <DiscreteSampler_grid>
  grouped_processes
  1 # 1 for a reference and 2 for a running grid.
  10 # Attribute 'min_bin_probing_points' of the grid.
  1 # Attribute 'grid_mode' of the grid. 1=='default',2=='initialization'
  0.0000000000000000 # Attribute 'small_contrib_threshold' of the grid.
  0.5000000000000000 # Attribute 'damping_power' of the grid.
 # binID   n_entries weight   weight_sqr   abs_weight
    10   10   9.787127405647134E+006   7.699705066011698E+014   9.787127405647134E+006
    16   10   9.783398094314516E+006   7.699689390432792E+014   9.783398094314516E+006
  </DiscreteSampler_grid>
