  0.00001869270837811  0.00001944251168783  0.00002009363621983  0.00002078531453962
  0.00002153756585932  0.00002232676362411  0.00002309891202521  0.00002390059846307
  0.00002483290678322  0.00002579297217768  0.00002678695746061  0.00002785811233814
  0.00002901828338915  0.00003020796704327  0.00003152848600582  0.00003282483840458
  0.00003410581782442  0.00003543491680797  0.00003684215574992  0.00003830631815213
  0.00003985304186842  0.00004150903284447  0.00004325989562334  0.00004511612560908
  0.00004709033319008  0.00004915074655583  0.00005121909434957  0.00005346251698149
  0.00005572493578877  0.00005797454521323  0.00006027019099210  0.00006257860519749
  0.00006497246511823  0.00006740442295018  0.00006988420292651  0.00007247985413500
  0.00007524448430799  0.00007820134300472  0.00008127930787003  0.00008447874317002
  0.00008783810465714  0.00009129310616119  0.00009482431221834  0.00009852534790365
  0.00010237621813421  0.00010626703675950  0.00011039890191882  0.00011503306204153
  0.00011979242269475  0.00012482321753865  0.00013010677552802  0.00013552525419341
  0.00014126422791001  0.00014758586066486  0.00015408283751163  0.00016090595303011
  0.00016815234125619  0.00017544602434791  0.00018345816709679  0.00019246931108971
  0.00020173931824790  0.00021202643708679  0.00022272229263992  0.00023396947775617
  0.00024602230530918  0.00025867770407945  0.00027267337930226  0.00028753857281222
  0.00030328730848945  0.00032136476976011  0.00033969714836888  0.00036033671772392
  0.00038110436955866  0.00040561573438349  0.00043059590270847  0.00045722445898435
  0.00048556601349365  0.00051827440543723  0.00055417573805619  0.00059322289087192
  0.00063711280882704  0.00068768241843835  0.00074599360868491  0.00081006241928787
  0.00088523979031871  0.00097019990932862  0.00107250428474984  0.00119575722484376
  0.00137538016882872  0.00160841906483005  0.00186191942779823  0.00227555776798553
  0.00278171362970399  0.00374895412470669  0.00506798884970390  1.00000000000000000
  0.00001914806246424  0.00001959194507989  0.00002047486543189  0.00002118442908541
  0.00002195513196118  0.00002266976455415  0.00002339682474231  0.00002415108121936
  0.00002490025705513  0.00002562917734674  0.00002634368934462  0.00002705259124685
  0.00002782085187017  0.00002861500861897  0.00002942728358975  0.00003027269734823
  0.00003121992128929  0.00003218675429897  0.00003317168358148  0.00003417380498614
  0.00003519401314332  0.00003624825615900  0.00003733570536895  0.00003846422333780
  0.00003967640733032  0.00004097208665828  0.00004228886301860  0.00004361058945358
  0.00004497198547561  0.00004650082265029  0.00004809151277641  0.00004966602186749
  0.00005142114306830  0.00005331944931982  0.00005525864358028  0.00005717879427553
  0.00005940061252547  0.00006168652308497  0.00006402340971363  0.00006652000643852
  0.00006916916462291  0.00007185526523709  0.00007460912492274  0.00007757628961321
  0.00008070281458046  0.00008402102431675  0.00008763196540216  0.00009140068596986
  0.00009530836183631  0.00009944587465236  0.00010376134260215  0.00010823588728837
  0.00011304799365885  0.00011809466409879  0.00012344573086566  0.00012935941107498
  0.00013554765955659  0.00014210535082072  0.00014906653469808  0.00015641614781694
  0.00016434116822316  0.00017283993232977  0.00018175930781803  0.00019131180141149
  0.00020143689244588  0.00021246275067567  0.00022445708951675  0.00023771291710282
  0.00025192632860407  0.00026685698053437  0.00028245691625001  0.00029850781909022
  0.00031579328986431  0.00033406481687691  0.00035477760045600  0.00037728160116399
  0.00040211895365223  0.00042866151525972  0.00045790197823129  0.00049003962676201
  0.00052612973621778  0.00056485931924406  0.00060181638481097  0.00063925228402343
  0.00068022014667166  0.00072634443764499  0.00077864871786064  0.00084054139691894
  0.00091802448602803  0.00100132441178092  0.00109046766297149  0.00119251683223150
  0.00132433486033041  0.00152748442807199  0.02001319062356937  1.00000000000000000
 -0.00296137187937803  0.01283417128294153  0.02661232018741069  0.04100131391859280
  0.05612853457058557  0.07124724897177113  0.08632176255942105  0.10070901688962852
  0.11408756607000607  0.12672051183980942  0.13924840164806807  0.15206086105576272
  0.16506923874566787  0.17789036114232470  0.19036334194503723  0.20258601660400985
  0.21429567906779098  0.22597200772987869  0.23743145055144152  0.24900381386280201
  0.26052424647770206  0.27201359234767408  0.28334336325331372  0.29447697891707902
  0.30530959589462059  0.31613974494884434  0.32685843232619638  0.33774019814022255
  0.34825705509782823  0.35884755723861467  0.36962231541791180  0.38051145597670116
  0.39128242438365340  0.40214231974493553  0.41267123277010620  0.42314985865797156
  0.43317065928955045  0.44332103012782759  0.45346071060386905  0.46390632702024404
  0.47432628165145069  0.48448867221808189  0.49451480285499361  0.50461686153695462
  0.51523270995469561  0.52572596932830573  0.53598438708410701  0.54585838987136959
  0.55543934081456248  0.56472888318472469  0.57374322246152820  0.58291388588284376
  0.59251750045077733  0.60233890695450643  0.61210423452721852  0.62162717523569333
  0.63095504593019891  0.64016423172359627  0.64921803723715144  0.65820512273041931
  0.66719954686008853  0.67634593325678805  0.68554466760980382  0.69473790267766922
  0.70388140203267113  0.71285629209601387  0.72181550822765106  0.73062688374564611
  0.73927785541190327  0.74796332640346619  0.75677712934325070  0.76565288036303825
  0.77428706961818716  0.78296539212063754  0.79185138168941149  0.80099298528188367
  0.81019604448636440  0.81919708773380107  0.82799930113920450  0.83695518472168495
  0.84622469302336922  0.85571748855800933  0.86549184084104702  0.87522642875751000
  0.88447790303312612  0.89353314012498930  0.90245453107116091  0.91181826051146930
  0.92208542882461186  0.93201328047981036  0.94255925376096417  0.95317893681645394
  0.96533717658364393  0.97745683395551464  0.98888302137412054  1.00000000000000000
 -0.00285083252726491  0.01098199666399759  0.02236513629950100  0.03366893969407900
  0.04461541861661230  0.05536979530432542  0.06584771631832827  0.07624615314179939
  0.08675066226330111  0.09730098821404214  0.10772458968232571  0.11806639271503930
  0.12848109703658661  0.13919283236268049  0.15014633989626963  0.16093959335623659
  0.17154232320554968  0.18232492967089906  0.19321043399895840  0.20425759102697308
  0.21484770001413683  0.22515967412110213  0.23526421778029247  0.24546164049863009
  0.25560749146195089  0.26563734988835047  0.27574899553489968  0.28581131468364956
  0.29595079969354876  0.30584808480417786  0.31583614079316102  0.32588157377056809
  0.33588990344489805  0.34580252268270706  0.35569522948071153  0.36565024729629880
  0.37596212076404467  0.38649401064228456  0.39682261640422578  0.40693383120687737
  0.41721450796571002  0.42792845261300821  0.43915290156558084  0.45040979668486386
  0.46138929212970353  0.47199418854318620  0.48257988391161599  0.49350514432866038
  0.50431927641534136  0.51506491298215462  0.52595697116501683  0.53750949095622946
  0.54838709535822572  0.55954026474549179  0.57045176577872803  0.58129969251990765
  0.59146997084614117  0.60167218448562787  0.61213704227382360  0.62288846485327842
  0.63349785469074404  0.64445036164838088  0.65496821618503487  0.66529059395951551
  0.67529462223879821  0.68497731163092479  0.69483831165275556  0.70489176468842329
  0.71530516901241903  0.72583041269281123  0.73631707653747347  0.74700286133192817
  0.75789625033221875  0.76856331857337612  0.77880420816019669  0.78875072352855180
  0.79868100930194186  0.80854146844131491  0.81849670940623986  0.82892480961542181
  0.83973152496719694  0.85092316625557185  0.86164341113449627  0.87201321590529379
  0.88196473273210352  0.89202131222259251  0.90264708077140188  0.91325066957176415
  0.92383295572451563  0.93446652868240365  0.94531508103104711  0.95630429453463450
  0.96729126511773711  0.97838372757390546  0.98915215568225401  1.00000000000000000
 -0.00206805961108585  0.01047871826444513  0.01969516638677324  0.02958136282152737
  0.03972351762672731  0.05075917233877563  0.06199281988035488  0.07325153124774979
  0.08408201977719976  0.09517079058413966  0.10572601708068766  0.11627017247534382
  0.12686901565019768  0.13779469510832587  0.14865317371292319  0.15958382128548482
  0.17054317402120434  0.18151523544995141  0.19234550871017322  0.20297323988629395
  0.21355795068970609  0.22388723939148322  0.23393519594083800  0.24384207902459656
  0.25380584378982712  0.26397867761783206  0.27423491817462931  0.28430173677837822
  0.29420508348716506  0.30408576269605808  0.31394920213869043  0.32400026573370899
  0.33395896593314550  0.34410814061335465  0.35432261287005323  0.36480924154107464
  0.37516107748389338  0.38586160808693382  0.39692150394419740  0.40804148730350953
  0.41891696409881801  0.42963694550040782  0.44031607672707063  0.45089291752656946
  0.46113097457712066  0.47101323847186327  0.48093551621292951  0.49121997623562225
  0.50204403530918018  0.51313538793427704  0.52389631735973530  0.53430337892802926
  0.54475330446050318  0.55522911557374743  0.56569415748078122  0.57587102773735332
  0.58592110753694215  0.59583833901520378  0.60564853706950295  0.61551517047854409
  0.62542631746154886  0.63559168850914660  0.64583720910304221  0.65616555478557470
  0.66666742192536943  0.67714339671293788  0.68732738844503616  0.69730995628677250
  0.70739189804361968  0.71798617132934217  0.72846239145109493  0.73901013280608896
  0.74977433567228013  0.76115540224171085  0.77257733210266832  0.78349230295638195
  0.79421759567907124  0.80531219033466195  0.81660177079635765  0.82769759437325707
  0.83890836544006386  0.84982555362090517  0.86043338589408891  0.87096028943986026
  0.88197417226660957  0.89328445735100281  0.90403401127707828  0.91498113246856561
  0.92571300287586600  0.93633825933353432  0.94692191596774367  0.95785216608943391
  0.96882348268460872  0.97929535660823219  0.98969789157188692  1.00000000000000000
  0.10018463978186767  0.10462726693291230  0.11392071652857685  0.12447037894224630
  0.13564377803849800  0.14825592740087851  0.16096673295851041  0.17722381162968795
  0.19114450068023067  0.20193561252149397  0.21234284629352429  0.22272029848876848
  0.23257720251868760  0.24209162779933774  0.25187371388060437  0.26207379334486053
  0.27208743548524322  0.28173373054487161  0.29141559105816761  0.30144071104441050
  0.31140803391502803  0.32134537356287340  0.33141983380462497  0.34144300219245916
  0.35114455115330101  0.36041704761664911  0.36966664341577893  0.37893849895210974
  0.38809782631224143  0.39712233834306004  0.40598529759200019  0.41498164615019828
  0.42366119391509810  0.43225021283037696  0.44096001166731558  0.44993963574773621
  0.45886829088341885  0.46749701757439188  0.47592005104206953  0.48452651526866786
  0.49358641089575700  0.50271753253876195  0.51187415745482057  0.52085769151657835
  0.52964180079372902  0.53823925820475371  0.54685151041567315  0.55522759623145124
  0.56337586841745624  0.57147056571281485  0.57970844188263482  0.58836904475331764
  0.59709150403682787  0.60576743751669693  0.61438056844994970  0.62307694391712920
  0.63192081425518265  0.64092273689718393  0.64980708558077604  0.65858820976435317
  0.66724805597202463  0.67576681474749067  0.68433419061688616  0.69285895221282745
  0.70133874051523271  0.70981645412539285  0.71829935747534535  0.72673398555180535
  0.73506430994427574  0.74337345318655912  0.75164036032750559  0.75987756851038113
  0.76804732401644960  0.77612343185899058  0.78421835830150433  0.79245037177862809
  0.80090681289076360  0.80945108289190659  0.81821845992213638  0.82739994660433336
  0.83666406943888794  0.84608920362578799  0.85554355064995702  0.86468076546282446
  0.87374136706952055  0.88253942906306193  0.89104698108561975  0.89972733699080509
  0.90863859562288551  0.91791804369502317  0.92763696169072751  0.93775310565511649
  0.94861587316557239  0.96092338727268423  0.97710226613821849  1.00000000000000000
 -0.01757596268999908  0.10033788114491242  0.13524143458714516  0.15635913408007862
  0.17302986088065730  0.18726891774438365  0.20053195384179628  0.21311163728231600
  0.22486852356704107  0.23591553120365835  0.24613752267842168  0.25573085109217708
  0.26484003808264200  0.27371858477909411  0.28219627140757364  0.29049910280117780
  0.29845310363681710  0.30644136588564092  0.31431433242881568  0.32181055259142094
  0.32903583394609770  0.33611482458013525  0.34318483999357979  0.35027729389283185
  0.35722570319489261  0.36388927331917681  0.37036392426834025  0.37684117395658417
  0.38336295401731818  0.38999466899591817  0.39655822321268114  0.40312449183211035
  0.40973964041244715  0.41630457446787900  0.42273058741259451  0.42890722010277010
  0.43501256059890170  0.44088443583850101  0.44663358981282164  0.45252545163159419
  0.45847826502671890  0.46436666039187019  0.47020043794167138  0.47592452922608430
  0.48166863817130257  0.48755677966620642  0.49341800475857511  0.49927843697971669
  0.50503005421838454  0.51067356199296232  0.51633416612635896  0.52194041465297480
  0.52766206594414256  0.53349833536601166  0.53931764269818050  0.54501101174372568
  0.55064181809807011  0.55632350278837728  0.56211124187779127  0.56800059234063116
  0.57391069134711981  0.57988064516577864  0.58589703392387349  0.59207467041526940
  0.59829343209719688  0.60447896088260955  0.61066411675472310  0.61678945275466024
  0.62295045489356859  0.62929440282933646  0.63584903361115663  0.64248827891784588
  0.64925373006431331  0.65609936130920365  0.66306302430535169  0.67028257797619051
  0.67769733734909909  0.68524982582463645  0.69302713204171407  0.70090305206269077
  0.70887465425316576  0.71704174465959802  0.72552862795838313  0.73452780023427111
  0.74383753175730982  0.75347510408018714  0.76372118409513112  0.77453696656343274
  0.78587685600652279  0.79774261378210476  0.81082008067366618  0.82550805910826064
  0.84269903956984238  0.86389284432749669  0.89851513543121464  1.00000000000000000
  0.14164492550873672       -1.0000000000000000     
 T F F T F F F F T F F T T F F T T F F T T F F T F F F F T F F T F F F F F F F F F F F F F F F F F F F F F F F F F F F F F F F F
  <DiscreteSampler_grid>
  grouped_processes
  1 # 1 for a reference and 2 for a running grid.
  10 # Attribute 'min_bin_probing_points' of the grid.
  1 # Attribute 'grid_mode' of the grid. 1=='default',2=='initialization'
  0.0000000000000000 # Attribute 'small_contrib_threshold' of the grid.
  0.5000000000000000 # Attribute 'damping_power' of the grid.
 # binID   n_entries weight   weight_sqr   abs_weight
    10   10   2.907015864553323E+006   5.390794605832992E+013   2.907015864553323E+006
    16   10   2.906973702929511E+006   5.390794248175816E+013   2.906973702929511E+006
  </DiscreteSampler_grid>
