 -0.00534519526747358  0.03314556115051222  0.04625963945147354  0.05697328821640155
  0.06949971461126328  0.08332374092466446  0.09734454008522223  0.10997065220543713
  0.12234254844925230  0.13395335828100280  0.14580957307165446  0.15788597973149293
  0.16916778263274032  0.17824030652710701  0.18611033276225283  0.19405194992075478
  0.20267864398267793  0.21275971678932659  0.22250116954080743  0.23199272255046752
  0.24224375571313028  0.25271127888349865  0.26197301654389155  0.27022518520795041
  0.27830797015676378  0.28630927299752151  0.29403294231565030  0.30162864959667723
  0.30955561818283395  0.31875910915047301  0.32740657106532844  0.33553767451249944
  0.34385877593983150  0.35227222500026134  0.36024794872090693  0.36757149799338290
  0.37416110225766930  0.38020172028141191  0.38586403106555128  0.39134235820936525
  0.39710945476864717  0.40340129396335661  0.41027078766086178  0.41722060089523755
  0.42402418953912524  0.43097239823324579  0.43824065430564535  0.44534196634787582
  0.45374739699758498  0.46183589641849054  0.46959954778438417  0.47765585767464747
  0.48541319319206755  0.49314941795607609  0.50093390818813666  0.50874917131356934
  0.51679750346275111  0.52396753667049234  0.53086568883991947  0.53767001309749840
  0.54486799383064810  0.55266242416625855  0.56112812962537828  0.57016787967634908
  0.57927016566996459  0.58723645851976192  0.59514858697176620  0.60340845956211475
  0.61237751450269651  0.62162406445191065  0.63044590709328752  0.63875552720375250
  0.64672121731061039  0.65544301929956150  0.66433622816834770  0.67313911488490430
  0.68245077732908976  0.69239516798024436  0.69987069897518817  0.70730658232262911
  0.71546580833660756  0.72308926975835752  0.73121212669910962  0.73956892507560190
  0.75056697369416192  0.76225105779938551  0.77385409538545691  0.78920552049158432
  0.80444424715971630  0.81969209057112846  0.83651121002729811  0.85358258410220567
  0.87289458448320523  0.89861021134165409  0.93441353398567528  1.00000000000000000
 -0.00273697938614979  0.01018554137577476  0.01763182486941568  0.02505500584890967
  0.03317299383391382  0.04259762175672294  0.05291771141369330  0.06496534471751617
  0.07791750572989095  0.09010916751465241  0.10117754742975166  0.11300103012222386
  0.12184840989362539  0.13039461007273059  0.13908947736398838  0.14881349342354042
  0.15891983374400415  0.16870641703121686  0.17988650227597267  0.19248856926602773
  0.20265251220295069  0.21391221960637855  0.22667253649227159  0.24074007109909165
  0.25450197926487150  0.26614500578634970  0.27644246612674622  0.28464859359144173
  0.29230533661206776  0.30052203802218008  0.31031822031746509  0.32120062218885520
  0.33107595668227008  0.34169690431280142  0.35391867953250888  0.36778425262194003
  0.38129756971112044  0.39275232510638275  0.40334282152896250  0.41343998012165517
  0.42440233531643690  0.43496184039787289  0.44612560589333872  0.45633899701132891
  0.47076979454712942  0.48332295569841910  0.49356572152528205  0.50266953554372307
  0.51114124736821698  0.51991460516267674  0.52937490313087787  0.53889797234796055
  0.54801701427354910  0.55713011207380192  0.56738933577501849  0.57998159071090771
  0.59153631628716807  0.60322473749236694  0.61503635241176535  0.62937425701576644
  0.64494943708122165  0.65933522014932600  0.66942404430835845  0.67773871499940141
  0.68565505608337085  0.69346273642151368  0.70207915115184505  0.71164757498736475
  0.72162689266210511  0.73177727563456041  0.74199331939472302  0.75344915164789428
  0.76742656901140882  0.78022733658579224  0.79010510211326224  0.79966063945662502
  0.80873235584087000  0.81931100372326993  0.82919957943026945  0.83861437847382636
  0.84743800807947378  0.85641059053377111  0.86664995077642781  0.87720327206855098
  0.88885045489779224  0.90143198699758365  0.91140692881123708  0.91919484205910862
  0.92707787898054350  0.93532271671416523  0.94691039967963353  0.95885919957333610
  0.96846284313346942  0.97788016218339857  0.98835546831435495  1.00000000000000000
  0.00956555201513819  0.01343921293000123  0.01666909777232269  0.02046632447086165
  0.02636241968183534  0.03355870348954080  0.04092263330024087  0.04823337482908312
  0.05679145159841002  0.06611598967401129  0.07475168232384131  0.08313237177786584
  0.08972243298536885  0.09511054236275378  0.09963859143555032  0.10415327546435903
  0.10906078985023233  0.11444422822990198  0.12044276151435446  0.12777695068349953
  0.13674995221709038  0.14526401557191307  0.15342699021420697  0.16098738033311669
  0.16829703690377576  0.18104027004763645  0.19059120939994106  0.19759487356989758
  0.20377144341639228  0.20986730755602429  0.21561143134989874  0.22257126640376243
  0.23298697125684528  0.24528208488854483  0.25576551419748056  0.26464470896207182
  0.27199359432034226  0.27838818728222192  0.28485784313948026  0.29159985875469896
  0.29814890280984835  0.30443335033756197  0.31080362656134380  0.31752490418043794
  0.32528851477568155  0.33333251857099433  0.34158412440469893  0.35028221322618891
  0.36001039755956332  0.37161331810435627  0.38503181201330050  0.39934699878253832
  0.41002265095155244  0.41831545778208123  0.42530930391487715  0.43248199550869187
  0.44043955652418931  0.44958119372511590  0.45882018713625294  0.46812987579808713
  0.47754318070006324  0.48774065646352266  0.49825727470804693  0.50926707459611631
  0.51845493801359788  0.52711546761144135  0.53580737199825834  0.54477839716069076
  0.55709858815886071  0.57226172011066290  0.58746921917899275  0.60139988537259903
  0.61280767884411524  0.62234430999248791  0.63062300120954207  0.63930274703727519
  0.64794095045254563  0.65748358133796148  0.66775783922506216  0.67892408961913631
  0.69128976216265925  0.70399186618263843  0.71741170309428615  0.73222330507419298
  0.74671419004978912  0.76088237785485813  0.77362429656974674  0.78544680140965695
  0.79614336097937266  0.80764015282509216  0.82110655136412158  0.83849200722188377
  0.86196157300194143  0.88865194960453464  0.92590197777766314  1.00000000000000000
 -0.01219049156388129  0.09071202765015657  0.13888671926603996  0.17437197940217736
  0.20085541411326438  0.22459830864554969  0.24546698876740683  0.26322737362914927
  0.28026535964530469  0.29593681934872024  0.31046127068654011  0.32469090392030930
  0.33838229892717203  0.35208778877887370  0.36548154750655748  0.37785962100985426
  0.39019544853857008  0.40227060712372975  0.41405816372042659  0.42564102809268134
  0.43704473220983597  0.44833368692171172  0.45968654467129200  0.47020601825795705
  0.48028691881071095  0.48996453675916313  0.49961192162435419  0.50923891833093915
  0.51911025873266414  0.52847173949615167  0.53730666160043528  0.54537644178325240
  0.55336458073909589  0.56140454787967997  0.56979280055703652  0.57841827312215055
  0.58711110449675841  0.59502373599585068  0.60229201382225028  0.60903347772798122
  0.61583258478673719  0.62270097228936749  0.62957051866899694  0.63655630557725396
  0.64381047676084868  0.65080500811015729  0.65766090296656465  0.66434475215513467
  0.67097334881098336  0.67756191461860094  0.68409218394044424  0.69081094570200929
  0.69760563596741476  0.70446072576855123  0.71122664830938331  0.71781317802960698
  0.72420024203049138  0.73054924655039055  0.73678066388342411  0.74288114846574915
  0.74878218191396939  0.75462137074036129  0.76035858785301114  0.76622472927667828
  0.77216483292425642  0.77877796122482823  0.78536652755765801  0.79183683329570043
  0.79838008138803562  0.80497079424632145  0.81173896528505951  0.81851750194001194
  0.82529286651627276  0.83320899795136705  0.84161769367247974  0.84993788272485504
  0.85865949709416778  0.86776464479780413  0.87704204471083069  0.88822465109016158
  0.90159818239353040  0.91763226303267054  0.93629949554531067  0.95096154460808136
  0.95872678620669560  0.96120363146461263  0.96363712422566861  0.96618792807424336
  0.96894381172723798  0.97174142431741450  0.97486495969152409  0.97848963664970889
  0.98207831875805751  0.98604080356164725  0.99104111528249983  1.00000000000000000
   7.8504544521385707E-034  -1.0000000000000000     
 F T T F F F F F F F F F F T T F F T T F F F F F F F F F F T T F
  <DiscreteSampler_grid>
  grouped_processes
  1 # 1 for a reference and 2 for a running grid.
  10 # Attribute 'min_bin_probing_points' of the grid.
  1 # Attribute 'grid_mode' of the grid. 1=='default',2=='initialization'
  0.0000000000000000 # Attribute 'small_contrib_threshold' of the grid.
  0.5000000000000000 # Attribute 'damping_power' of the grid.
 # binID   n_entries weight   weight_sqr   abs_weight
    10   10   1.249552010993536E+008   1.638063266268671E+016   1.249552010993536E+008
    11   10   1.249552010993536E+008   1.638063266268671E+016   1.249552010993536E+008
  </DiscreteSampler_grid>
