  0.00005168816720587  0.00005280880298049  0.00005395499914863  0.00005507676181864
  0.00005618271462692  0.00005725816650512  0.00005833572533866  0.00005941927630386
  0.00006051556168731  0.00006162408981849  0.00006275481194743  0.00006390373153671
  0.00006507051335798  0.00006628989682952  0.00006758915889924  0.00006889917935844
  0.00007024362518288  0.00007162710417906  0.00007301525181153  0.00007448787048143
  0.00007605077857570  0.00007764702726841  0.00007927350658548  0.00008093460604420
  0.00008261697771061  0.00008438844564716  0.00008628893131123  0.00008827720018977
  0.00009030349934934  0.00009235673927460  0.00009446750001275  0.00009672699099237
  0.00009915783016142  0.00010166175471057  0.00010422192314520  0.00010680972475578
  0.00010951008373678  0.00011247961041720  0.00011548014397907  0.00011856306672108
  0.00012177026410287  0.00012521539272527  0.00012887228533405  0.00013259009848661
  0.00013633581081148  0.00014032623813161  0.00014456810606392  0.00014896943567154
  0.00015352540021511  0.00015829439949582  0.00016346041106399  0.00016887659838478
  0.00017424076904470  0.00017981048091127  0.00018583220272146  0.00019219167317033
  0.00019886995853495  0.00020613997330922  0.00021414903616935  0.00022237701534749
  0.00023076172603342  0.00023979793377679  0.00024928705135061  0.00025901925071083
  0.00026929576794450  0.00028024048596340  0.00029162983703816  0.00030397174716924
  0.00031725765351207  0.00033109320682134  0.00034640319081532  0.00036292500831913
  0.00038001287954949  0.00039858666765203  0.00041860974715278  0.00044031835722666
  0.00046584424599103  0.00049370730806674  0.00052417442345615  0.00055606363675431
  0.00059077238961117  0.00062926685753800  0.00067347694867819  0.00072056131378135
  0.00076922967673243  0.00082286519164703  0.00088914843892164  0.00097260556105847
  0.00108175973193395  0.00119935677992279  0.00132109115656731  0.00149429143065755
  0.00177621617839127  0.00247750813283014  0.00427849675536117  1.00000000000000000
 -0.00233171116129865  0.00952317963265551  0.01906879892256319  0.02915200016224486
  0.03952564484854434  0.05032851292502914  0.06162623849717559  0.07225815223856523
  0.08324229889648715  0.09394767841805605  0.10485222830237503  0.11531083154842689
  0.12557522239135224  0.13609464994464784  0.14630926975297165  0.15680860675852717
  0.16745026615581424  0.17856906077724019  0.18946874745821785  0.19956273799628504
  0.20962924074420397  0.21978045330069407  0.23012320158508931  0.24037961489963527
  0.25050454059979060  0.26102085500969208  0.27155432671930640  0.28196578500782765
  0.29247319933204496  0.30286515264502495  0.31354200231284118  0.32416115300857939
  0.33493617826973848  0.34533855059791735  0.35597673861123552  0.36667455298109497
  0.37737918300780454  0.38795946328068498  0.39862707931821956  0.40964450566113275
  0.42050132542175483  0.43118576350133936  0.44185325879627496  0.45268301923687210
  0.46351720728562668  0.47437803641977450  0.48499425119518907  0.49561111680446002
  0.50600046037057667  0.51646270416598861  0.52679989083498191  0.53722694910796753
  0.54792438809104993  0.55875437567479913  0.56915169916847341  0.57933490367893481
  0.58932060523147878  0.59942559610557455  0.60941890219668104  0.61960754981083732
  0.63002292484203304  0.64079923295821895  0.65161222380732731  0.66219726834066117
  0.67283478693540810  0.68341570515616767  0.69387479781618866  0.70429542826809255
  0.71514967831417720  0.72635424868835663  0.73738887461426517  0.74837879879337499
  0.75920784409061204  0.77004294577473442  0.78036139188920539  0.79110695473337478
  0.80171208586172982  0.81213434676343232  0.82236271139359252  0.83220108522057368
  0.84217983637847471  0.85254753457217314  0.86363352309753216  0.87458471036637575
  0.88516340593717147  0.89549588913841149  0.90635420978134285  0.91716747662138054
  0.92759876039753986  0.93825212063235253  0.94905449317652713  0.95950023029274167
  0.96950603046491313  0.97954016374419894  0.98987142215859381  1.00000000000000000
  0.00712617820543176  0.01712668049126873  0.02749992276170627  0.03947640295748802
  0.05106776594675400  0.06243607482307784  0.07379068796044820  0.08547814186211897
  0.09734467988100540  0.10869399937624626  0.11956199571498213  0.13060545115233360
  0.14184710042936383  0.15310780096209214  0.16436982996318811  0.17589989032634964
  0.18749943924521634  0.19879687956569519  0.20982033572913814  0.22054023853438928
  0.23112768493105534  0.24153956497260984  0.25178007325529844  0.26189512859700165
  0.27212901683054685  0.28274286809516919  0.29336009920757666  0.30398928529989067
  0.31470582037803568  0.32549458784169938  0.33627600762829968  0.34692952335826321
  0.35770748787415346  0.36838409404458827  0.37896626212339712  0.38950745068769876
  0.39994880325744381  0.41039980088027933  0.42084536850568682  0.43147253152561510
  0.44198975839527538  0.45246922253335375  0.46272411574612848  0.47286859094922812
  0.48293767959918116  0.49291425741987566  0.50261503853577050  0.51205240982511913
  0.52142838203919661  0.53098598543329367  0.54074949994060961  0.55057756869251784
  0.56031621685058663  0.57001533829567097  0.57980225186172230  0.58954211591678740
  0.59909731362118201  0.60838384496027609  0.61772977260822304  0.62721094741574301
  0.63707637281922658  0.64681723769456301  0.65638376801550513  0.66578089052435907
  0.67505648600114176  0.68431256316606537  0.69354987451953631  0.70275345668509437
  0.71198555304386701  0.72108172024043160  0.73002203588781855  0.73910009942727017
  0.74811338087334533  0.75738282395327949  0.76663152937581447  0.77609632544623064
  0.78568277532410891  0.79524055592451925  0.80489939674666355  0.81473528967774622
  0.82466872180133344  0.83459275797178245  0.84441871320507356  0.85430525009239733
  0.86439675675763594  0.87446389660599932  0.88431039774622633  0.89401835224893700
  0.90373952344103314  0.91357032920643466  0.92372139515425988  0.93437026912618093
  0.94613323601474342  0.95959725144891850  0.97686645023226015  1.00000000000000000
 -0.01943106028390813  0.12311233644197414  0.16896707785468118  0.19813359926786123
  0.22190019785563211  0.24243589054643955  0.26090170196891715  0.27765480864680553
  0.29306081144114876  0.30744046092472999  0.32096904558942208  0.33381567775733600
  0.34611259793198551  0.35801904818586783  0.36962909368999586  0.38075101283527035
  0.39147799551162021  0.40172037971929225  0.41176426563757895  0.42145443505358415
  0.43083243612751626  0.44005845783067021  0.44896047947734968  0.45760609123242729
  0.46595939922383484  0.47425264771713077  0.48246625812749316  0.49062932604644083
  0.49873735780411504  0.50653230339530886  0.51413675444620544  0.52154209544302776
  0.52878619885760358  0.53585852206908691  0.54282384334938216  0.54967339147955740
  0.55658106596523593  0.56345994681485667  0.57028859397860709  0.57699579821394764
  0.58358324541106821  0.59009415465900250  0.59657851670221129  0.60306862501836256
  0.60950270297744769  0.61580288078857226  0.62203883650530578  0.62817864056375672
  0.63424362337560480  0.64027594205960137  0.64622328048994071  0.65206645385078654
  0.65786418551745074  0.66363468720330521  0.66928022795286424  0.67483892785318444
  0.68039201366133084  0.68594626498732236  0.69146512759287748  0.69692655226954903
  0.70232206423256516  0.70767536416506316  0.71309804324827031  0.71855380023826632
  0.72401998193279071  0.72942875656645956  0.73496092856964845  0.74049807352213415
  0.74609403890843173  0.75171109092226795  0.75730527956832827  0.76286683795704591
  0.76840487781636146  0.77394665061805068  0.77946716034279562  0.78499645969652532
  0.79054065961663067  0.79611966653715260  0.80174655583898669  0.80751058157538813
  0.81343220194857979  0.81952472259269005  0.82569712925415062  0.83196636921791789
  0.83850409492082412  0.84530910916467894  0.85235814679436162  0.85981449299616564
  0.86763685756872955  0.87601722807994553  0.88538111424717458  0.89592739206673533
  0.90836665062877753  0.92402610018545639  0.94754367732639366  1.00000000000000000
   9.0661284940627473E-002  -1.0000000000000000     
 F T T F F F F F F F F F F T T F F T T F F F F F F F F F F T T F
  <DiscreteSampler_grid>
  grouped_processes
  1 # 1 for a reference and 2 for a running grid.
  10 # Attribute 'min_bin_probing_points' of the grid.
  1 # Attribute 'grid_mode' of the grid. 1=='default',2=='initialization'
  0.0000000000000000 # Attribute 'small_contrib_threshold' of the grid.
  0.5000000000000000 # Attribute 'damping_power' of the grid.
 # binID   n_entries weight   weight_sqr   abs_weight
    10   10   3.350961360688337E+009   6.569843771063037E+019   3.350961360688337E+009
    11   10   3.350961360688337E+009   6.569843771063037E+019   3.350961360688337E+009
  </DiscreteSampler_grid>
