  0.00001895318270086  0.00001962731657735  0.00002019389458432  0.00002075093316569
  0.00002131607124186  0.00002189665406827  0.00002247067411604  0.00002305358557374
  0.00002365699768431  0.00002433552855129  0.00002510725265423  0.00002594107215296
  0.00002675758354406  0.00002764467649309  0.00002853691369718  0.00002940573440715
  0.00003029041863214  0.00003124288247961  0.00003230129959398  0.00003333685385655
  0.00003443282245971  0.00003558847834066  0.00003682797182870  0.00003814131180420
  0.00003947423766656  0.00004087856089465  0.00004237806409137  0.00004385544039519
  0.00004545842176404  0.00004715538578113  0.00004888095179883  0.00005066963958458
  0.00005267619761001  0.00005478612410565  0.00005701382345299  0.00005937529187326
  0.00006179647283260  0.00006424443088983  0.00006681737734058  0.00006958974471381
  0.00007243111630303  0.00007549997472406  0.00007882807565523  0.00008223228862306
  0.00008588101928074  0.00008975246478611  0.00009375989165192  0.00009809011099204
  0.00010280185140751  0.00010767784992060  0.00011314096854788  0.00011891393540910
  0.00012501398462962  0.00013202369305887  0.00013900877370857  0.00014728211241222
  0.00015568471506692  0.00016484713853557  0.00017447999776445  0.00018517162615684
  0.00019685025564755  0.00020987804394264  0.00022402719490670  0.00023973782641854
  0.00025726225132974  0.00027665903121807  0.00029758798931083  0.00032071751192565
  0.00034561606489824  0.00037274109897321  0.00040214571931388  0.00043463248827000
  0.00047024960583506  0.00050996128453157  0.00055412427921727  0.00060311824583447
  0.00065893402447358  0.00071927908684198  0.00078527992166819  0.00084933644474869
  0.00091913865530343  0.00100202588062870  0.00110115609112632  0.00121145345083707
  0.00132856765641471  0.00145111010732624  0.00158869349912860  0.00174525749771205
  0.00192033340802631  0.00212799167181528  0.00237937300484538  0.00259555319914696
  0.00294320563479893  0.00356977653034883  0.00952910846090762  1.00000000000000000
  0.00001962512633522  0.00002090553989944  0.00002222017196308  0.00002367923184992
  0.00002527878788326  0.00002697523743020  0.00002882036096005  0.00003083321040863
  0.00003309202481624  0.00003551022758594  0.00003825035840591  0.00004117390249890
  0.00004438055254772  0.00004777594415653  0.00005143208764398  0.00005535709857721
  0.00005954729996272  0.00006402704523336  0.00006900880574388  0.00007446619248714
  0.00008028018593616  0.00008635532992241  0.00009285402672495  0.00009980517503407
  0.00010726699944110  0.00011526484809174  0.00012369378677664  0.00013251583275135
  0.00014163885033966  0.00015186367186801  0.00016210468850315  0.00017333974820492
  0.00018530254625139  0.00019821019619871  0.00021139080067009  0.00022476562769954
  0.00023926893272402  0.00025419469820525  0.00026951602041036  0.00028514371151471
  0.00030141445158858  0.00031910663180488  0.00033691197261674  0.00035478886778545
  0.00037225372657851  0.00039025969167303  0.00040954251124766  0.00042941986275255
  0.00045005570127626  0.00047099343621025  0.00049216145543662  0.00051418167860409
  0.00053759430219765  0.00056076973341884  0.00058415943086852  0.00060805841149919
  0.00063310196046422  0.00065889984904848  0.00068354878286074  0.00070770357112374
  0.00073254892320690  0.00075985518106112  0.00078795809554360  0.00081473743869241
  0.00084247767811491  0.00087268367062280  0.00090082172872273  0.00093653654442208
  0.00097294823832548  0.00100918809879002  0.00104446494995817  0.00108017521999934
  0.00111760228583651  0.00115794584045057  0.00120112005722856  0.00124416037389226
  0.00128669886662113  0.00133029280691613  0.00137347319111440  0.00141873074435002
  0.00147137989847606  0.00153406031742456  0.00160235435501267  0.00166960553225449
  0.00176207733925381  0.00188059607942627  0.00199474195130505  0.00207624552865764
  0.00215211267252744  0.00223747149228071  0.00232472914313046  0.00241693373599326
  0.00250968078085831  0.00266547968428676  0.00535998237044095  1.00000000000000000
 -0.00186064369124770  0.00638221685249818  0.01324413330553228  0.01997525313877592
  0.02696117054516851  0.03414993047111643  0.04198751455718547  0.05038124717890106
  0.05869417044380951  0.06669701459311868  0.07457532550778696  0.08266302743942539
  0.09122688882428645  0.10020752329433635  0.10926471307980844  0.11869699216796262
  0.12831881366696363  0.13854320763309630  0.14893064168378725  0.15851856633306244
  0.16810061574387788  0.17761728037609020  0.18784582738722827  0.19874413667299884
  0.21006378113596155  0.22149574691463580  0.23260139576454344  0.24374261761814850
  0.25521408624547154  0.26680031391750808  0.27879302089847541  0.29091011094025715
  0.30332790747656285  0.31566587243070066  0.32810033830278346  0.34033165776461372
  0.35284132681223729  0.36532002012495424  0.37773412672812517  0.39032359139740541
  0.40345093038700625  0.41701161563862166  0.43065054849414774  0.44424592196087354
  0.45792373778734285  0.47150485572272294  0.48500265346076049  0.49842499608126756
  0.51155096341910478  0.52463959354721057  0.53786055588300929  0.55134790850328441
  0.56474047417110007  0.57807586120247412  0.59096831323536703  0.60365627169640323
  0.61680185039868207  0.63006632422401521  0.64323205850925957  0.65635870298845445
  0.66935875624443930  0.68195508571111807  0.69438814860234366  0.70665251081785463
  0.71862974388780343  0.73050879594054241  0.74252636699483432  0.75444347360647457
  0.76596938171238682  0.77719491636786708  0.78850576234480996  0.79984662759574277
  0.81123990859156803  0.82263170970224131  0.83395252646352702  0.84543083486895387
  0.85656175248422739  0.86692509171943222  0.87665543364580667  0.88555825125149934
  0.89433966882391147  0.90262418809316625  0.91053447004181520  0.91834093131848360
  0.92614335578000040  0.93404787327367955  0.94170570022188538  0.94900517469307843
  0.95619529291319261  0.96315736484148085  0.96985400194701521  0.97656946293879643
  0.98272543677857727  0.98854026107792470  0.99431327359715649  1.00000000000000000
 -0.00209208851867947  0.00897095060265209  0.01859625835204355  0.02900775642514045
  0.03933394710244623  0.04990288199611721  0.06061707254698197  0.07122268593908626
  0.08183194880981957  0.09226162924931146  0.10297003894122579  0.11263541344881862
  0.12215232179811654  0.13196681813506178  0.14196405323290348  0.15263693785146121
  0.16348796103164229  0.17393041671924203  0.18388443396553181  0.19368369899426427
  0.20368045840324214  0.21384074636118677  0.22359738488806433  0.23346046964414952
  0.24377808898455944  0.25439506053358968  0.26502245917689371  0.27597667439792378
  0.28723878125459518  0.29819196155273647  0.30876652666077331  0.31928686778982951
  0.32982462850366923  0.34025972907524343  0.35061753566322645  0.36121078534704676
  0.37186098887609292  0.38244423470775496  0.39295449758210083  0.40289044963952819
  0.41269557488383130  0.42233636790331153  0.43168713763467520  0.44067825296919833
  0.45010815267180565  0.46034959184101121  0.47203040506043292  0.48389710748578418
  0.49612923026756639  0.50765157321539267  0.51903610172293158  0.52983864309536199
  0.54087621190944379  0.55142251368366590  0.56185016516011477  0.57192053908965412
  0.58235120905047177  0.59309629956569787  0.60435664545853807  0.61579545146359371
  0.62575389713669127  0.63591689891603209  0.64590483464967330  0.65710925441957568
  0.66813242212612789  0.67872567977312404  0.68932625524697166  0.69982939963046720
  0.71062442582105423  0.72147774092909267  0.73268467069147536  0.74364117423152887
  0.75408483545804827  0.76455584687923495  0.77532340000660183  0.78645712953917757
  0.79703688997645805  0.80753155027407764  0.81808486590786988  0.82891988798106653
  0.83953097263148169  0.84984249387627109  0.86047608511869944  0.87109716412173077
  0.88230294128348397  0.89335157195618642  0.90452666034518459  0.91560580059667407
  0.92672463978099295  0.93759310611745361  0.94759397780874310  0.95780093173615000
  0.96787187055653134  0.97864951082864382  0.98923826572111229  1.00000000000000000
 -0.00206860480729555  0.01067167756701868  0.02177930487096634  0.03303604307180102
  0.04425483814048375  0.05504376157795161  0.06594293157968824  0.07672293882059497
  0.08749707519215127  0.09850880531069697  0.10962512451120264  0.12062912184345936
  0.13113069363880661  0.14133604585999882  0.15230296649263589  0.16366737193443404
  0.17437368144910217  0.18464622124764163  0.19483575127130121  0.20542134357032638
  0.21579597046640453  0.22564107882067788  0.23534251837015088  0.24498331552408667
  0.25471764929315638  0.26475192795578889  0.27500539641415456  0.28555723735483557
  0.29625688810068435  0.30698412833414368  0.31767765951249743  0.32871909631772717
  0.33972220421162735  0.35034623372172730  0.36041337936765755  0.37045846143674466
  0.38090621706667160  0.39179918020728871  0.40337394976090862  0.41495218381910726
  0.42659853138074461  0.43794588811720248  0.44839925862382363  0.45889328509262756
  0.46908045201236109  0.47938821563579581  0.48951891873979242  0.49978122388981677
  0.51117403896119673  0.52285983321100349  0.53455291637071456  0.54556152862556906
  0.55598127620306570  0.56601956395171316  0.57599469745967347  0.58636677469091292
  0.59670299535647897  0.60737945794329984  0.61850340184316510  0.62985876043315969
  0.64103797093664039  0.65187986093322259  0.66253578107304389  0.67345804098514850
  0.68447022961795834  0.69543959399667121  0.70621198365286098  0.71653870274094233
  0.72647841447428119  0.73609051058825936  0.74595181500392160  0.75609305371101421
  0.76578718081864317  0.77521623094028291  0.78457785484218767  0.79458000820634433
  0.80533119705782186  0.81645956182128610  0.82700717345645758  0.83732963128859350
  0.84796825295694467  0.85872269987689809  0.86968198691206189  0.88027905034200060
  0.89061613089405289  0.90101875127992592  0.91081281969303873  0.92058362815544492
  0.93002319755875318  0.93972067049460772  0.94973735596469711  0.96002153078044494
  0.97018252324262355  0.98026579333060559  0.99013701117754338  1.00000000000000000
  0.04018842363340213  0.10849376090688868  0.14157129669167459  0.14852273295035309
  0.15930140373365226  0.16917020434624078  0.17918373973694787  0.18863919037938645
  0.19771694033299206  0.20812075275272984  0.21990069058557155  0.23056767331737207
  0.23982762844264660  0.24825093511639523  0.25757772257955164  0.26758181336354769
  0.27686783936854992  0.28587218763595085  0.29499064828603716  0.30439339239014379
  0.31381458554787134  0.32327380340588918  0.33311751266145440  0.34304245237549091
  0.35269542168312673  0.36178845925396302  0.37087388552439671  0.37923995274902533
  0.38786665960435374  0.39611806581015951  0.40467433058837399  0.41276232913182248
  0.42123675202881061  0.42958457989195048  0.43759528157790772  0.44580979242519947
  0.45412342352528795  0.46243830652766460  0.47067485566631379  0.47876622474320735
  0.48689013453372104  0.49484375085363630  0.50279859086592926  0.51081349790609121
  0.51903964803887859  0.52747516939593375  0.53592821068977037  0.54426670322688009
  0.55252828434984791  0.56089684479975377  0.56927419678558999  0.57762009917808244
  0.58563025657944678  0.59336553928225644  0.60104517650218614  0.60879279556704691
  0.61655874287325674  0.62440525761311383  0.63250345380830897  0.64056768008620457
  0.64882531243591413  0.65736700599638187  0.66590050351625685  0.67434059101196298
  0.68284274469753070  0.69146814244188826  0.70012690191499061  0.70871826347684375
  0.71734894326577225  0.72604802074892971  0.73470828964498236  0.74326916772091345
  0.75168770875814372  0.76014297412322807  0.76875651915817367  0.77761265138539704
  0.78670201533838546  0.79597348111915278  0.80525719554017261  0.81440292380171520
  0.82363215652000388  0.83305195428746426  0.84273798400146893  0.85231627741594285
  0.86177965057133910  0.87135626630373053  0.88135727668950614  0.89168896029743716
  0.90211378719567048  0.91249472254751418  0.92293969355723682  0.93387410643465241
  0.94568227282628781  0.95909699389731096  0.97610808307388941  1.00000000000000000
 -0.00949271707967319  0.05445191966220520  0.07936923368093313  0.09482324219555741
  0.10653667447530278  0.11669198761424036  0.12611962415705935  0.13475245994555385
  0.14275717115562020  0.15041374925970133  0.15781472372706465  0.16498213109434975
  0.17184981567144914  0.17862717196101724  0.18545056184031120  0.19213186477953059
  0.19852218122442092  0.20471134189037873  0.21077505883950914  0.21671226608674843
  0.22247435135377205  0.22806336556115145  0.23363959908335780  0.23928813792282741
  0.24494616939916375  0.25054077204105074  0.25604268538784258  0.26156838047147901
  0.26721917084059554  0.27294788643258389  0.27868498119333179  0.28441462464081874
  0.29018318100788204  0.29594590167616586  0.30174956980700834  0.30749442826595891
  0.31327050750940300  0.31904159307992136  0.32480815891250825  0.33046668379247007
  0.33599435609856243  0.34146532569732607  0.34692360568183911  0.35247404094400681
  0.35826765267901234  0.36433892864354284  0.37052253742504210  0.37665136102057140
  0.38267440109000656  0.38875769760950496  0.39507635511546357  0.40180173048252488
  0.40859493865330754  0.41531323256615843  0.42188120799396700  0.42832219840363028
  0.43476564456878414  0.44132520693251270  0.44796088734424977  0.45470291802336710
  0.46164419887731106  0.46869017654028255  0.47579967509733817  0.48312739769950919
  0.49074171689306639  0.49829883977192679  0.50591736027890610  0.51360533210071513
  0.52151114149877531  0.52960766690762706  0.53796555650323619  0.54634534194066742
  0.55494156413956020  0.56336394056529082  0.57191405470375667  0.58047313425327851
  0.58934177165134838  0.59864143336996811  0.60815876878378328  0.61810733059284728
  0.62856040733342744  0.63934408877282312  0.65026117617987800  0.66201752666416569
  0.67446837115126979  0.68795140099992080  0.70190227746409872  0.71637645997202459
  0.73148471104199342  0.74766339385684333  0.76618277649075550  0.78707686755476292
  0.81068697568809911  0.83883915435246126  0.88017683837567395  1.00000000000000000
   8.2078692609697787E-002  -1.0000000000000000     
 F T T F T F F T T F F T F T T F F T T F T F F T T F F T F T T F F T T F T F F T T F F T F T T F F T T F T F F T T F F T F T T F
  <DiscreteSampler_grid>
  grouped_processes
  1 # 1 for a reference and 2 for a running grid.
  10 # Attribute 'min_bin_probing_points' of the grid.
  1 # Attribute 'grid_mode' of the grid. 1=='default',2=='initialization'
  0.0000000000000000 # Attribute 'small_contrib_threshold' of the grid.
  0.5000000000000000 # Attribute 'damping_power' of the grid.
 # binID   n_entries weight   weight_sqr   abs_weight
    19   10   3.099016322863320E+005   1.744631175927328E+011   3.099016322863320E+005
    20   10   3.099016322863320E+005   1.744631175927326E+011   3.099016322863320E+005
    25   10   6.845321304248330E+005   1.055869527832500E+012   6.845321304248330E+005
    26   10   6.845321304248327E+005   1.055869527832497E+012   6.845321304248327E+005
    34   10   3.099016322863320E+005   1.744631175927328E+011   3.099016322863320E+005
    35   10   3.099016322863320E+005   1.744631175927326E+011   3.099016322863320E+005
    37   10   3.894892867644715E+005   4.929141672877650E+011   3.894892867644715E+005
    38   10   3.894892867644712E+005   4.929141672877635E+011   3.894892867644712E+005
    43   10   6.797381758020829E+005   1.000825954013931E+012   6.797381758020829E+005
    44   10   6.797381758020824E+005   1.000825954013929E+012   6.797381758020824E+005
    52   10   3.894892867644714E+005   4.929141672877650E+011   3.894892867644714E+005
    53   10   3.894892867644710E+005   4.929141672877630E+011   3.894892867644710E+005
  </DiscreteSampler_grid>
