  0.00002132532438735  0.00002189620617368  0.00002226216748220  0.00002258781718072
  0.00002288343480837  0.00002317571126803  0.00002351583849096  0.00002394389358534
  0.00002441175656843  0.00002487693373307  0.00002526640252727  0.00002559052837748
  0.00002590555798858  0.00002620732919318  0.00002653233209827  0.00002690837181992
  0.00002731139967771  0.00002787029829657  0.00002857004599790  0.00002927430738147
  0.00002994646353045  0.00003060822810328  0.00003136767744830  0.00003212463296656
  0.00003289090515640  0.00003364361159215  0.00003440585245117  0.00003523219633343
  0.00003614777119377  0.00003708946690102  0.00003793461904813  0.00003877450386524
  0.00003972596589413  0.00004086341020957  0.00004204770949609  0.00004320225080182
  0.00004436763326602  0.00004564793054945  0.00004704020665937  0.00004846162136032
  0.00004994655429723  0.00005159713877364  0.00005338366190650  0.00005520171079388
  0.00005704498825100  0.00005923612069798  0.00006163864397294  0.00006409074626011
  0.00006657447469614  0.00006917152022813  0.00007192855946758  0.00007502734950283
  0.00007834330572541  0.00008179917392697  0.00008551142346490  0.00008946108216935
  0.00009362194371274  0.00009823696574038  0.00010308271611797  0.00010820090770615
  0.00011393501881568  0.00012023946027716  0.00012696524627762  0.00013422192373820
  0.00014191311901564  0.00014989637729251  0.00015798711652475  0.00016678842995510
  0.00017713817912340  0.00018864103539785  0.00020095567970690  0.00021476043246650
  0.00022950655927690  0.00024564876089594  0.00026460857810627  0.00028769873815765
  0.00031204605929286  0.00033775735646996  0.00036779367351792  0.00040315760898545
  0.00044278577887473  0.00048674589880412  0.00054141509909091  0.00060726717365946
  0.00068107554362770  0.00076629059097019  0.00086129149644980  0.00098551325911337
  0.00116456224003555  0.00141459046726447  0.00159831113798074  0.00174869381511691
  0.00188582666394114  0.00261742143350071  0.00410032868048865  1.00000000000000000
  0.00001876582820503  0.00001946954145546  0.00002002321536719  0.00002061056105354
  0.00002126938795165  0.00002196006071568  0.00002263530359417  0.00002329215649189
  0.00002397212076030  0.00002467958531468  0.00002539176549096  0.00002600692923077
  0.00002659501336418  0.00002723017222286  0.00002787650236910  0.00002864891574127
  0.00002943938424718  0.00003031337898359  0.00003126250823506  0.00003220492938825
  0.00003311070248514  0.00003400219943610  0.00003486704408407  0.00003578660265132
  0.00003677501696310  0.00003779417486914  0.00003887525442699  0.00004007454720040
  0.00004142882087247  0.00004277610518675  0.00004391858348600  0.00004516122037864
  0.00004645839572571  0.00004779760168567  0.00004919768345546  0.00005069954189076
  0.00005244712626061  0.00005423836998314  0.00005607290962595  0.00005799854882243
  0.00006003140852476  0.00006216413758334  0.00006440714083069  0.00006677318572126
  0.00006921511234181  0.00007167230668073  0.00007405940078826  0.00007666359503865
  0.00007941583605124  0.00008235575318068  0.00008549118392498  0.00008893109722327
  0.00009254720279994  0.00009606511340653  0.00009979277947599  0.00010378603357475
  0.00010820186602919  0.00011353735156300  0.00011902383104350  0.00012425496020189
  0.00012953525164144  0.00013525814164072  0.00014204661189315  0.00014974220439220
  0.00015804894027421  0.00016695434993752  0.00017638356057528  0.00018710505242495
  0.00019885531776395  0.00021082927202418  0.00022437492174000  0.00023970986239442
  0.00025888973844739  0.00028120752122323  0.00030450800654533  0.00032821038645618
  0.00035356487664865  0.00038013908829987  0.00040244823054377  0.00042343306217864
  0.00044664767977201  0.00047593861709662  0.00051427592653523  0.00054950831042560
  0.00058512090982607  0.00063218242507066  0.00068954765165249  0.00076467599758330
  0.00087306882215709  0.00102612814776016  0.00117847441215886  0.00129270352159171
  0.00138790265527060  0.00212413803570897  0.00507870127949450  1.00000000000000000
 -0.00223249321523148  0.00893956932540290  0.01898316571876611  0.02737547428378411
  0.03602128823491283  0.04482106675032248  0.05535249881404529  0.06761355296305462
  0.07976237390913986  0.09157204513719640  0.10258250213248428  0.11319668773354898
  0.12341291863858912  0.13338673102523096  0.14351436909087684  0.15335052209710828
  0.16422436895882253  0.17605853143246469  0.18805180834417581  0.19817976769090484
  0.20798886236285263  0.21732455389228456  0.22713448482916346  0.23688908558240551
  0.24576617238450590  0.25429362814292267  0.26322263779319743  0.27291185459101885
  0.28330014301551321  0.29410548907553030  0.30553741229189252  0.31648231753904166
  0.32692978538330764  0.33659008570011262  0.34604414287756413  0.35672074321082919
  0.36768937942763985  0.37799589471733214  0.38786767179872006  0.39847589313972048
  0.41020854226787673  0.42129075358867085  0.43178294628990022  0.44174875790856094
  0.45188981374067849  0.46241286183270752  0.47314183500514867  0.48416027101598308
  0.49472901930468532  0.50480665611763498  0.51467802543813113  0.52458390586698611
  0.53442024386938436  0.54462749688892398  0.55539304012090041  0.56641681526436038
  0.57714739913288249  0.58732223774529846  0.59756951216398968  0.60782407766365532
  0.61843650119361249  0.62938008353793307  0.64028791303041577  0.65130540549353877
  0.66225596401978226  0.67296332620584431  0.68335847203063471  0.69369798303598873
  0.70437357606747519  0.71538775658733877  0.72622795996191847  0.73666935745179385
  0.74740425704696201  0.75879079191579024  0.77070967527724310  0.78243802159786047
  0.79418008744252144  0.80562402835346314  0.81642108581338646  0.82599647267763865
  0.83551222056400076  0.84596695200922989  0.85842595900448515  0.87072406091634191
  0.88257662275029625  0.89391894251761050  0.90610913599497311  0.91885412851139026
  0.93084019922864336  0.94026715324000731  0.94945317262589957  0.95796052644996299
  0.96734585816081087  0.97857732062687175  0.98914726119108209  1.00000000000000000
 -0.00005925181632711  0.00018123969592564  0.00034565366798076  0.00044298601394124
  0.00054454718849930  0.00066124724612970  0.00080778381496598  0.00095804875818925
  0.00110427832516447  0.00124953856194403  0.00139612571396557  0.00154485693868276
  0.00169572753470607  0.00184852202038937  0.00200335207790365  0.00216188442694359
  0.00231919042607330  0.00247613791645236  0.00263353403838022  0.00279208028250396
  0.00295551138421602  0.00311418567426872  0.00328407294789214  0.00345399911035789
  0.00362204450498285  0.00378846825837584  0.00395462456212483  0.00412438889247208
  0.00429795698184677  0.00446979705078304  0.00464407579971432  0.00482350249095481
  0.00499082267156073  0.00514332590272986  0.00528612900716876  0.00541999878283721
  0.00556349170437654  0.00570957730245079  0.00586934860740227  0.00607110613161301
  0.00632829583831181  0.00660652170918020  0.00683711120614400  0.00703726393962477
  0.00722121842756619  0.00737949404063767  0.00754675374392299  0.00772153551601425
  0.00792798818810117  0.00812175369636022  0.00839508948790777  0.00868852596316665
  0.00894664778506404  0.00914806518259372  0.00931648871605241  0.00946873818130151
  0.00960032880974539  0.00975303858354856  0.00992169296942689  0.01009753468867853
  0.01025987743513389  0.01043821760871586  0.01065540548260321  0.01088152630208282
  0.01116810539888607  0.01148163695109434  0.01191392780336725  0.01239495153201536
  0.01284853746395648  0.01315659228930566  0.01339747444271463  0.01360597964364219
  0.01381529064465268  0.01408238151581274  0.01426186382694692  0.01444070818062546
  0.01461851997838094  0.01481443590227476  0.01519298164533619  0.01594204912538914
  0.01665351560011645  0.01705507908034999  0.01757863274824341  0.01783748627794389
  0.01805056703420807  0.01825833766781797  0.01842434785591892  0.01865085525042897
  0.01902946358506348  0.01960127324005849  0.02025477942318242  0.02067217916502441
  0.02152262744834985  0.02322528684423519  0.02389653438035196  1.00000000000000000
  0.00115563360812472  0.01328825947333751  0.02318557482034998  0.03451001256065345
  0.04595850746710307  0.05687665867768994  0.06731364693524428  0.07771118522677786
  0.08758769937873934  0.09774276172150395  0.10860235867657032  0.11945827412991766
  0.13039884238112351  0.13989468018404080  0.14944985940395589  0.15854356037529127
  0.16712206742360405  0.17619263328988283  0.18326208108328906  0.19214816501166518
  0.20096618365429106  0.21097470823379202  0.22110341469422226  0.23073835579049543
  0.24034764608381182  0.24985765061488782  0.25914763820884401  0.26866156482747389
  0.27857222838299539  0.28868781928149817  0.29865961677967584  0.30841334593071823
  0.31798362087209059  0.32689898781929955  0.33519348527550713  0.34337723676432252
  0.35176417443426433  0.36019086751438989  0.36867836469758708  0.37728437344560756
  0.38674096312460371  0.39661642291854293  0.40651140732411228  0.41727508991172807
  0.42993765599415384  0.44442953817895353  0.45997270216515546  0.47920403413057061
  0.49892671204944411  0.52075899862334374  0.54066808446784953  0.55701751067108329
  0.57021182479584154  0.58224206895834263  0.59301569199118076  0.60354039721510999
  0.61373803315089437  0.62365294118132697  0.63318577793050534  0.64241133017305974
  0.65242791579571457  0.66294281676225553  0.67332156333073967  0.68338220101087876
  0.69374386513995234  0.70424966599255279  0.71488000334358326  0.72541593537453752
  0.73529291176338030  0.74425315342179998  0.75287798635703518  0.76181493968060532
  0.77141509495925897  0.78185281902753678  0.79179160750792166  0.80042669460034199
  0.80872644164799146  0.81697311503077996  0.82525426659517720  0.83311216987615344
  0.84053202750054801  0.84778103717903142  0.85590893237636101  0.86530971613743135
  0.87564489065650253  0.88651075052784389  0.89739908982075023  0.90836742382783575
  0.91956352102382444  0.93052482155933780  0.94116909330107701  0.95165328527355830
  0.96263303365611574  0.97473087735845143  0.98710341327108353  1.00000000000000000
  0.00264407832055448  0.08503948558839028  0.10374751377724185  0.12205552001590629
  0.13978340006547102  0.15497952332573114  0.16918683363268688  0.18347944578337982
  0.19732380015437559  0.21483307748885933  0.23758263859158835  0.25737296162941226
  0.27143205230957812  0.28452238936103807  0.29729341686979716  0.30978846170344182
  0.32161474653568989  0.33312231040098372  0.34506019631074653  0.35766767436295221
  0.37025306112975803  0.38189283718548583  0.39292555515386851  0.40302677189591329
  0.41237094122471335  0.42185267052387071  0.43116828280122832  0.44013435493608227
  0.44923509643936133  0.45817764982365772  0.46725130381461583  0.47652633078039525
  0.48567571698598644  0.49431319587232658  0.50244768578752974  0.51001981501180482
  0.51736848723654527  0.52476806983517743  0.53218615264942448  0.53958094749010821
  0.54656205082207554  0.55314650540562382  0.55965085743005571  0.56620650828793395
  0.57279996622041685  0.57930681486348745  0.58608199170773145  0.59311427265886285
  0.59972579353102518  0.60617271645146420  0.61283681090851638  0.61930201378888983
  0.62568384858952708  0.63215112886884184  0.63890733882656447  0.64601752111367217
  0.65353845888167528  0.66181262775094030  0.67080997012075039  0.68016247503686034
  0.68984545181150214  0.70007594635239789  0.71027727337069380  0.71973250280925194
  0.72854730929721434  0.73735901851123609  0.74651122275561832  0.75601841954174465
  0.76571535444461858  0.77527655095866510  0.78508044972760271  0.79499994977821387
  0.80425571486657998  0.81331969125916548  0.82307619014202982  0.83331717040322462
  0.84339601124212438  0.85362541660232949  0.86398838484561502  0.87470218989148441
  0.88380590568256456  0.89308284092250723  0.90231494468210793  0.91202995199078585
  0.92123540493991107  0.92911791465945248  0.93633398888175279  0.94297562304577853
  0.94977391517216647  0.95698966310723399  0.96345546684496841  0.96978388230655965
  0.97658600525213801  0.98353778793775659  0.99121769562720263  1.00000000000000000
 -0.01845369633774329  0.10569000726752248  0.14236138914976768  0.16425070413222034
  0.18090880541046833  0.19657348280405185  0.21120205082219057  0.22396232548503389
  0.23512296989105574  0.24582092487744003  0.25655804080030920  0.26623786156040530
  0.27550136609197123  0.28467317385414326  0.29332473467739439  0.30026849110850734
  0.30613711258984133  0.31198178550997435  0.31791979206761700  0.32363962662906692
  0.33041212821010485  0.33712780266703646  0.34472064485854736  0.35079275413459232
  0.35690073294196101  0.36298702912631992  0.36911713227880438  0.37542664349628169
  0.38172862663383605  0.38805311217509098  0.39405525792800744  0.39965023439768727
  0.40517042394454272  0.41088835279140962  0.41644135537677435  0.42155907110870866
  0.42650958430386932  0.43150278802300296  0.43665258474447610  0.44215673106821707
  0.44782756226381587  0.45366274942469659  0.45963248507641735  0.46550700414462992
  0.47129018426304625  0.47752457101877482  0.48326727503123884  0.48889942583590201
  0.49431987804870475  0.49975821354592309  0.50568110393397048  0.51166170783771481
  0.51766769174548011  0.52376969272733465  0.52998278118130315  0.53638058262945099
  0.54286786067252757  0.54948544750653439  0.55617593772600171  0.56264655713204514
  0.56868326353229404  0.57440549465093294  0.58014821041657216  0.58606005702173858
  0.59197271814071417  0.59776244196421180  0.60341094812090157  0.60944633982925567
  0.61597062389271828  0.62307389881644981  0.63033535385836093  0.63762476263869172
  0.64488022968882497  0.65211065680576141  0.65966869963022612  0.66716677436712690
  0.67481613764502302  0.68215994344849407  0.68905773245891622  0.69619109751004238
  0.70399961273878142  0.71292106829941482  0.72215276895022162  0.73147023587027704
  0.74128654590820875  0.75175407448309095  0.76271034355695422  0.77403553298150174
  0.78607504125215033  0.79924118252561260  0.81359754691145558  0.82857438822231866
  0.84479848006404945  0.86455144345481949  0.89759830611120728  1.00000000000000000
   22.988129951434360       -1.0000000000000000     
 T T T F T F F F F T T T T T T F F T T T T T T F F F F T F T T T F F F F F F F F F F F F F F F F F F F F F F F F F F F F F F F F
  <DiscreteSampler_grid>
  grouped_processes
  1 # 1 for a reference and 2 for a running grid.
  10 # Attribute 'min_bin_probing_points' of the grid.
  1 # Attribute 'grid_mode' of the grid. 1=='default',2=='initialization'
  0.0000000000000000 # Attribute 'small_contrib_threshold' of the grid.
  0.5000000000000000 # Attribute 'damping_power' of the grid.
 # binID   n_entries weight   weight_sqr   abs_weight
    10   10   4.385225452840230E+009   1.771486251769404E+020   4.385225452840230E+009
    16   10   4.385225452840228E+009   1.771486251769403E+020   4.385225452840228E+009
    22   10   4.385225452840229E+009   1.771486251769403E+020   4.385225452840229E+009
    28   10   4.385225452840228E+009   1.771486251769403E+020   4.385225452840228E+009
    34   10   4.385335487544883E+009   1.771486394470641E+020   4.385335487544883E+009
    40   10   4.385335487544883E+009   1.771486394470641E+020   4.385335487544883E+009
  </DiscreteSampler_grid>
