  0.00005156349129069  0.00005207796571819  0.00005256741722079  0.00005305277959392
  0.00005355665122523  0.00005407151771052  0.00005459601347839  0.00005512737445331
  0.00005567305835249  0.00005623537917411  0.00005680379998712  0.00005738015228529
  0.00005804494638892  0.00005874676867381  0.00005944304688190  0.00006015349137333
  0.00006087937757030  0.00006161387438582  0.00006235580604363  0.00006313568755110
  0.00006391184858509  0.00006469636138788  0.00006559122043485  0.00006656568338624
  0.00006758157916049  0.00006862409621557  0.00006967738086979  0.00007076726557575
  0.00007185777834264  0.00007297334658007  0.00007414504903941  0.00007540408641082
  0.00007675722079570  0.00007814386856897  0.00007956958102494  0.00008103660969888
  0.00008253248678723  0.00008413342337498  0.00008585135684450  0.00008765183828599
  0.00008949186777670  0.00009134382126310  0.00009322973686047  0.00009524326013873
  0.00009739334112401  0.00009971052300685  0.00010211185977438  0.00010454945561669
  0.00010708170978891  0.00010978896309074  0.00011269164808274  0.00011575093169537
  0.00011891407847979  0.00012208713779113  0.00012577003865986  0.00012952368091928
  0.00013342339562403  0.00013749740176512  0.00014187279994474  0.00014664634600235
  0.00015161576393039  0.00015675120944516  0.00016267613400229  0.00016898680361232
  0.00017537368126437  0.00018212268076222  0.00018943187859722  0.00019710874556353
  0.00020520567183707  0.00021425965970453  0.00022367458318497  0.00023355274554774
  0.00024424342307053  0.00025532109008822  0.00026781765961948  0.00028224151720892
  0.00029741050042243  0.00031422981864071  0.00033190359657222  0.00035246965832140
  0.00037639874562090  0.00040346495124974  0.00043356405664540  0.00046834706385440
  0.00050813436644682  0.00055388498126892  0.00060871357455423  0.00067398544850846
  0.00075271271021979  0.00085362614149404  0.00098639934672702  0.00115760946698927
  0.00138712823705337  0.00169059236461271  0.00434213883416184  1.00000000000000000
 -0.00238649120286093  0.01002493661396839  0.02000226048195575  0.03048843340405946
  0.04081956724881199  0.05083607432651282  0.06074624791245700  0.07063032506119821
  0.08079942339145942  0.09104522570377782  0.10185226414468400  0.11231013256975128
  0.12271399642956153  0.13303556659725438  0.14361714423649283  0.15427425694060692
  0.16490209199635189  0.17531417547338288  0.18542804823643097  0.19560244928412962
  0.20586023913861332  0.21611934085919676  0.22636737116958922  0.23676935720709949
  0.24721905891919721  0.25780567408628208  0.26818438392515553  0.27886313704121618
  0.28951384775168598  0.30048239962827328  0.31163660495345386  0.32265883424274966
  0.33352461890009166  0.34362504810216565  0.35355935821718171  0.36365387611333455
  0.37366503300387327  0.38401296996689099  0.39433176607257964  0.40515569964406217
  0.41617102032380743  0.42678042202372596  0.43744090569577160  0.44781104634020719
  0.45819819852835392  0.46849619939809833  0.47892318192727329  0.48980246643110253
  0.50069428396017235  0.51121906120681193  0.52189798724330483  0.53245415950783903
  0.54266518583526813  0.55237844601075203  0.56239159402035277  0.57302354777633369
  0.58375681846812211  0.59430007520135075  0.60509909300939790  0.61529241739045548
  0.62556663151644676  0.63556743291090934  0.64577516385568123  0.65593630872323549
  0.66611291296503972  0.67695662843635396  0.68791344908230412  0.69880578808870231
  0.70980626280816317  0.72132546964888566  0.73261205263030127  0.74366771889177141
  0.75434550364327435  0.76543666233557006  0.77594494675336501  0.78624529058353898
  0.79685844444428267  0.80789865520074311  0.81863774253090249  0.82912150929159623
  0.83932854564117243  0.84956002963500243  0.85961558546174699  0.86980458782494585
  0.88036339784649165  0.89151895162240979  0.90260006074677834  0.91317767208201228
  0.92348689094736636  0.93380725577529000  0.94445842536348024  0.95506289849703629
  0.96587389666163870  0.97699299786741489  0.98837169499560562  1.00000000000000000
 -0.00313437843871384  0.02862027372539709  0.04489201062203134  0.06220683036280733
  0.07917896188301712  0.09596661935701030  0.11241883669761171  0.12836416476493295
  0.14440651679591593  0.16047111609989237  0.17637044710536109  0.19190619618340971
  0.20758147785374600  0.22277308612579261  0.23780022657694916  0.25273420701202143
  0.26749025381306035  0.28209022463821687  0.29659354483129946  0.31084663888150371
  0.32511417344857574  0.33944355549946881  0.35368721292015609  0.36744197333494638
  0.38121358786992471  0.39526044692925255  0.40933151844615273  0.42308373575001629
  0.43665241943421745  0.44992647867595337  0.46284076602912438  0.47554273980139372
  0.48825584467415700  0.50102129505291115  0.51359948697171343  0.52605830676600718
  0.53823394734462027  0.55025087795516980  0.56227341790866237  0.57435896131131625
  0.58632696585635591  0.59817129004296221  0.60931287676877377  0.61996401089424247
  0.63051701711494090  0.64088172500954677  0.65109390670778633  0.66128128971681321
  0.67190585921932922  0.68268448231445233  0.69318313916600871  0.70337677250772757
  0.71339728029272931  0.72337886291964493  0.73330834209467555  0.74308118576588200
  0.75275824162783245  0.76239360955901125  0.77193191207465028  0.78130575262457413
  0.79042924629004652  0.79931621847475987  0.80814097995473422  0.81680698789944717
  0.82523673391878261  0.83362788112359454  0.84165391655688271  0.84943272052969998
  0.85687937487644117  0.86406818435422483  0.87115202563500860  0.87792018154993323
  0.88448920424389110  0.89090763910349680  0.89725542500054944  0.90347984165192630
  0.90957025109949996  0.91548240217866239  0.92098978033161594  0.92634241647953763
  0.93161060734209222  0.93676196489012120  0.94173235196052707  0.94653302032032660
  0.95130699300860011  0.95600641206744319  0.96065093550569625  0.96516965630273543
  0.96954643308151212  0.97376061539625713  0.97787714753159793  0.98199128270172387
  0.98615996789981697  0.99043889427982512  0.99509722920836263  1.00000000000000000
 -0.01397561987014177  0.08806679632565989  0.12548868454320736  0.15098902527064129
  0.17200960930756887  0.19016279779404446  0.20670706751248361  0.22203548953319027
  0.23602316580256494  0.24915223826938801  0.26156576365414619  0.27368856540580067
  0.28556072867396121  0.29717193902843131  0.30844800749822743  0.31930239058654819
  0.32997243310072416  0.34030590094998631  0.35041779890575403  0.36057908343321154
  0.37056440792415091  0.38022354223978105  0.38950453308740979  0.39869477447751811
  0.40762069966521486  0.41638362172870419  0.42503346067825321  0.43363650736436132
  0.44224627777484460  0.45058686811701570  0.45876451932949330  0.46660710887760626
  0.47458708706076819  0.48244750875748671  0.49006820972143700  0.49766631857035903
  0.50506836999717208  0.51233044345765100  0.51960703218919790  0.52672738505722638
  0.53362755462582612  0.54040231650134629  0.54716860204696061  0.55398921743232643
  0.56075190499052652  0.56747828298324432  0.57422974420825490  0.58089271499833273
  0.58780905823632223  0.59486349109176007  0.60184420611909184  0.60885509136014293
  0.61581639923298548  0.62276419408950345  0.62980668519128824  0.63684568228918814
  0.64358465306851964  0.65014266330705694  0.65652827883324860  0.66289760058230207
  0.66926460130466980  0.67559273343574433  0.68191724673229737  0.68829993968082748
  0.69469422048637464  0.70099205761205940  0.70736079848116407  0.71390328373425538
  0.72040897664118431  0.72687758831032911  0.73332158399518943  0.73974878209050199
  0.74624261357788213  0.75275180458847490  0.75931870668391643  0.76600528304296189
  0.77265350792209075  0.77909547094566944  0.78556842172946628  0.79202006538445924
  0.79849281599335442  0.80505948518537840  0.81174028946841204  0.81860676762183060
  0.82551574225751601  0.83262884741172549  0.84026090890136573  0.84843100869860655
  0.85712733813002018  0.86644419614772539  0.87621864891202184  0.88743340673559201
  0.90049985738011051  0.91734448831764348  0.94287392019495231  1.00000000000000000
   12.293845136018851       -1.0000000000000000     
 T F F T F T T F F T T F T F F T T F F T F F T F F T F F T F F T
  <DiscreteSampler_grid>
  grouped_processes
  1 # 1 for a reference and 2 for a running grid.
  10 # Attribute 'min_bin_probing_points' of the grid.
  1 # Attribute 'grid_mode' of the grid. 1=='default',2=='initialization'
  0.0000000000000000 # Attribute 'small_contrib_threshold' of the grid.
  0.5000000000000000 # Attribute 'damping_power' of the grid.
 # binID   n_entries weight   weight_sqr   abs_weight
    28   10   4.988786764482151E+010   1.752827270481958E+022   4.988786764482151E+010
    31   10   1.036734152233043E+011   7.372174051174622E+022   1.036734152233043E+011
    32   10   1.036734152233043E+011   7.372174051174622E+022   1.036734152233043E+011
    34   10   4.988786764482151E+010   1.752827270481958E+022   4.988786764482151E+010
    37   10   1.020746532983971E+011   7.201527348959630E+022   1.020746532983971E+011
    38   10   1.020746532983971E+011   7.201527348959630E+022   1.020746532983971E+011
    43   10   1.020746532983970E+011   7.201527348959627E+022   1.020746532983970E+011
    44   10   1.020746532983970E+011   7.201527348959627E+022   1.020746532983970E+011
    46   10   1.020746532983970E+011   7.201527348959627E+022   1.020746532983970E+011
    47   10   1.020746532983970E+011   7.201527348959627E+022   1.020746532983970E+011
    52   10   4.988786764482151E+010   1.752827270481958E+022   4.988786764482151E+010
    58   10   4.988786764482151E+010   1.752827270481958E+022   4.988786764482151E+010
  </DiscreteSampler_grid>
