  0.00002060659743209  0.00002146663525463  0.00002237133981846  0.00002305042250150
  0.00002382542525845  0.00002474556498379  0.00002599013091579  0.00002739762945224
  0.00002897112105818  0.00003069860535896  0.00003258088732602  0.00003453257478498
  0.00003658069045285  0.00003877273678530  0.00004135090689165  0.00004417347942882
  0.00004718221281425  0.00005010531403828  0.00005347792629712  0.00005679701280717
  0.00006064643551544  0.00006468837675426  0.00006915872245681  0.00007378836535992
  0.00007848472744859  0.00008328036650450  0.00008826774598603  0.00009349821267262
  0.00009907578516513  0.00010470716675097  0.00011065750969440  0.00011681955065296
  0.00012341622577370  0.00013040351997793  0.00013737050408819  0.00014463507065734
  0.00015243280956072  0.00016035762526112  0.00016872976271751  0.00017734016918612
  0.00018667325417720  0.00019629525793273  0.00020514486430168  0.00021383431413575
  0.00022273739498887  0.00023296505707339  0.00024434252155888  0.00025622775123895
  0.00026832215018045  0.00028114358710905  0.00029292405926497  0.00030623390883546
  0.00032035184091835  0.00033585167502615  0.00035583468662702  0.00037499776652138
  0.00039338256830210  0.00041077347714889  0.00042837553727270  0.00044722336308716
  0.00046736829945920  0.00048799703539165  0.00050825788411176  0.00052821058087166
  0.00054853688874417  0.00056882585150948  0.00059365030558055  0.00062338370974241
  0.00065816060041611  0.00069734414868047  0.00073711677467509  0.00077443197698256
  0.00081346218652192  0.00085570244140428  0.00089604729244026  0.00093775600189975
  0.00097624535524659  0.00101390908558811  0.00105252623755374  0.00110567454882894
  0.00117399469023772  0.00126052650777629  0.00134574621868976  0.00143199672376846
  0.00151617057086534  0.00158185735227541  0.00163103595804486  0.00167776548625632
  0.00172793091274937  0.00180394703367002  0.00189302230142662  0.00202182603083987
  0.00212484093115165  0.00232174574761274  0.00273886047323022  1.00000000000000000
  0.00001840822011075  0.00002117147317908  0.00002240754716896  0.00002361474733038
  0.00002471993728439  0.00002581523903748  0.00002696502162013  0.00002813640735203
  0.00002932844941740  0.00003045473612680  0.00003161516556746  0.00003275927214165
  0.00003387993393088  0.00003503534660990  0.00003629621777273  0.00003754977310282
  0.00003878997529087  0.00004010352522125  0.00004150315666709  0.00004292856691751
  0.00004435652570087  0.00004580397545559  0.00004727089100162  0.00004873794038470
  0.00005020932238254  0.00005181787333947  0.00005346596723575  0.00005513894227004
  0.00005678844333393  0.00005846902011128  0.00006019815555980  0.00006207691342293
  0.00006372606741728  0.00006531039968593  0.00006692268316240  0.00006857577268630
  0.00007045468370124  0.00007249282056463  0.00007460766113703  0.00007682434573185
  0.00007908567121377  0.00008136207686625  0.00008375589550527  0.00008635116311294
  0.00008901576271439  0.00009177196149359  0.00009464834617111  0.00009755425722818
  0.00010089398706035  0.00010418301181154  0.00010797540918775  0.00011204685848283
  0.00011613390133704  0.00012016354325060  0.00012441672713845  0.00012905026773900
  0.00013382764467755  0.00013851079922637  0.00014365959111278  0.00014923019456391
  0.00015492076600988  0.00016085349808552  0.00016702958023974  0.00017338875286927
  0.00017997977189292  0.00018721289879162  0.00019457257498460  0.00020241935403716
  0.00021163836525083  0.00022155073586742  0.00023180303074730  0.00024287396414174
  0.00025521320212613  0.00026954828480129  0.00028570705151412  0.00029992217295219
  0.00031295140620106  0.00032578613905983  0.00033841627413600  0.00035345634454087
  0.00037149430883147  0.00039426734063954  0.00042233434563870  0.00045845874068982
  0.00050175580408212  0.00054882252309026  0.00059910106542368  0.00065283515212385
  0.00071322646050671  0.00078418658048816  0.00086491319420543  0.00096769388054931
  0.00112153095349690  0.00145228083665855  0.00183449473531897  1.00000000000000000
 -0.00244041735224140  0.01054067547297060  0.02126157759348855  0.03275037398673330
  0.04410336747622721  0.05540131675213793  0.06685687453630756  0.07788058620068983
  0.08993749140391213  0.10071005211949524  0.11121316907536806  0.12152471256478352
  0.13093673555962707  0.14112162783278026  0.15122052166804187  0.16256611326908224
  0.17338644827584032  0.18421106729482123  0.19569951112649514  0.20650677449932281
  0.21647701076719525  0.22617767762467250  0.23597198225357024  0.24693611913203686
  0.25716110858278479  0.26737341958787708  0.27683267140751477  0.28789362560781384
  0.29753733780223934  0.30749277896351862  0.31677560094166701  0.32679075690162041
  0.33721784212131684  0.34780498559614303  0.35797641812060360  0.36739880654627033
  0.37615513235570963  0.38486695890233125  0.39384716885579107  0.40446267511303724
  0.41666041453637104  0.42823472138089230  0.43910788436372011  0.44971759343951528
  0.46066855374413690  0.47170640822373266  0.48317208541853940  0.49533794633698214
  0.50780781448637047  0.51990298752632647  0.53135959002225963  0.54199531419412905
  0.55201686373212155  0.56185254538391349  0.57170177849086701  0.58185765014351554
  0.59180157345368201  0.60123100040077260  0.61085007554431314  0.62097632779369316
  0.63189125819495395  0.64254769708197490  0.65295717079754734  0.66336408899025701
  0.67354073695724770  0.68396996414329092  0.69473467714873971  0.70567931059437417
  0.71632589202727925  0.72677603543078306  0.73730465656977162  0.74828486434077157
  0.75925027917989663  0.76961101169031099  0.77908630143984159  0.78837378941923020
  0.79751636020989425  0.80758095378957406  0.81868277655943533  0.83023482122733827
  0.84089841522961073  0.85114170816026247  0.86165219506418211  0.87255678078925947
  0.88308735783619496  0.89315821424783259  0.90331779696703285  0.91375185089604660
  0.92484181243433439  0.93606353295251254  0.94669482372166547  0.95720550800045645
  0.96727855075348357  0.97804229618693650  0.98885282504078287  1.00000000000000000
 -0.00002822095307087 -0.00001534415132213 -0.00000246734957339  0.00001040945217535
  0.00003176943227126  0.00010048536173814  0.00016920129120501  0.00023791722067188
  0.00032424977852293  0.00041728511422999  0.00050566831518519  0.00057457511234604
  0.00064194569224151  0.00070134150698665  0.00076198859350308  0.00082438829197909
  0.00088838859745725  0.00095282994339596  0.00101683361932429  0.00108673479099007
  0.00116186980087693  0.00125479363749982  0.00135109485934401  0.00144876162304788
  0.00154620371852564  0.00164322349032023  0.00174172608230630  0.00184123095612714
  0.00193890829136782  0.00203648449323206  0.00213981991232532  0.00224717542524978
  0.00236203282550170  0.00248244076668782  0.00260619788877195  0.00273502045227989
  0.00287225932302728  0.00301262525842421  0.00315406552902160  0.00329243031020697
  0.00343139385379268  0.00357144340930012  0.00371734582744577  0.00386326142392088
  0.00400859646792547  0.00414977217517567  0.00428056230262218  0.00440346115564065
  0.00452380625038176  0.00464402581101202  0.00477258896331222  0.00491065124790532
  0.00506448755417490  0.00522590550053668  0.00538936793962437  0.00555426791130244
  0.00571928234674763  0.00590634943812991  0.00612115019000778  0.00636594557456863
  0.00659104114607627  0.00677551175522563  0.00693550716864475  0.00710515957008133
  0.00728728536944545  0.00747596109628955  0.00764651560260496  0.00781840895207305
  0.00800941839970444  0.00824395022100951  0.00855926705075673  0.00892227594840052
  0.00924744667206889  0.00954562512281063  0.00983396332869285  0.01022310828096492
  0.01079455321905392  0.01130894981347576  0.01214965951073327  0.01313363459552908
  0.01358115560293921  0.01411561065929471  0.01485279008322792  0.01610189977007298
  0.01714990972206719  0.01823707424593820  0.02049976377016437  0.02110596474997400
  0.02181467600906354  0.02235040501339505  0.02567267705674114  0.03482134081111206
  0.03603095537008023  0.03774788861812257  0.16590778710406853  1.00000000000000000
 -0.00180620388922089  0.01218081255341137  0.02582969746416468  0.04114507341938468
  0.05513440388980009  0.06846853757446539  0.08148553317276451  0.09348597345222232
  0.10500451495935992  0.11534725352780090  0.12512353311319629  0.13338632999546532
  0.14115322448505266  0.14880362706103722  0.15676636397625307  0.16587760422777953
  0.17503004850533205  0.18410694473110267  0.19346496475143921  0.20354264772986885
  0.21331242660086974  0.22277453340276362  0.23200597412885571  0.24108682998243591
  0.25017912070897008  0.25930777262308408  0.26834569185928431  0.27760688462369143
  0.28703553929569020  0.29660884248548058  0.30615585233307085  0.31602215115255561
  0.32449217624361398  0.33394908137362883  0.34424315510354470  0.35613136092982262
  0.36794333589671691  0.37878200826523084  0.38925803645781104  0.39977662484227511
  0.41008070663287410  0.42053258710863428  0.43037021107396534  0.44105079590873619
  0.45324100311891957  0.46736385611439174  0.48084886504138857  0.49257044280114304
  0.50466676458414361  0.51593895052237881  0.52911668820235036  0.54285965909814260
  0.55803582075258951  0.56991705572232387  0.58066520623416429  0.58933544420935058
  0.59823337070297078  0.60744788988954079  0.61789168710541997  0.62884581249524241
  0.63968992499641730  0.65059707808532585  0.66142774198896381  0.67198752374352511
  0.68203925884883210  0.69257653597915869  0.70257443418122434  0.71243082850907635
  0.72133601353517329  0.73034478707269268  0.73919640248966378  0.74796109640408726
  0.75616195362838368  0.76460351816330896  0.77374179849221436  0.78360197963818423
  0.79276296209031416  0.80114157195569702  0.80938238555861020  0.81799755761792292
  0.82711853652759659  0.83645348304445499  0.84581002429482166  0.85563803943605610
  0.86657770605079132  0.87814799617394756  0.88949727083351604  0.90062520756959652
  0.91267532582360500  0.92501061269254381  0.93755509542739945  0.95026652172498716
  0.96332759661981582  0.97576032494203124  0.98832883820641382  1.00000000000000000
  0.11091182625334049  0.11823350153880435  0.12492691250603831  0.13719513336341255
  0.15078399765443684  0.16685800238595699  0.17916947854062365  0.18970196730689115
  0.19966409825737830  0.20968942290966619  0.21943688999758307  0.22921984134001838
  0.23811577434463191  0.24657177799325189  0.25520977362951036  0.26389388187921287
  0.27284517493128690  0.28235654252703585  0.29199881593727661  0.30191636547217232
  0.31157793029193953  0.32084384143241490  0.33019556364505159  0.33917953518340455
  0.34832485585059392  0.35652720484505490  0.36454810339730143  0.37257066786673382
  0.38115957640692327  0.39036130723728535  0.39914915015886804  0.40807283390836929
  0.41701961421088235  0.42588682316414472  0.43457559383042355  0.44244260018370224
  0.44991405198460183  0.45713176426662866  0.46515663301237109  0.47342548006139085
  0.48173894644044624  0.49034313247786643  0.49895525282823799  0.50790850027881185
  0.51639767847967621  0.52481255512323510  0.53350547106638146  0.54228499016274523
  0.55130897342829566  0.56010421243174568  0.56961931371146646  0.57952270927485106
  0.58942840654958473  0.59927251255649949  0.60891831295008647  0.61829010338094159
  0.62737409988261261  0.63618771585642964  0.64490785473990642  0.65331972718678621
  0.66110256811754575  0.66875700890066159  0.67651057711125884  0.68396395152379286
  0.69125156138090948  0.69837867182511848  0.70524231344644306  0.71236327025799795
  0.71943725385727830  0.72635759100885078  0.73325504276009246  0.74007600681169006
  0.74706563276265670  0.75429556890669869  0.76187508635728241  0.76973115930813718
  0.77753518990384085  0.78538908017865983  0.79313563918427843  0.80097822230494375
  0.80929224423388224  0.81850649327239644  0.82837789785390292  0.83847628893187565
  0.84860255853494082  0.85848032174075928  0.86915639830607072  0.87969403544949754
  0.89127469513347435  0.90274738934111276  0.91500745536688488  0.92754227956353741
  0.93984865104777748  0.95244671661754288  0.96863159360240736  1.00000000000000000
 -0.01011581537650811  0.05379976432078376  0.07853941092639141  0.09455607829382055
  0.10730334276760842  0.11823387471765724  0.12773391703161815  0.13650813479155982
  0.14465639978075723  0.15207149197810155  0.15911515650460359  0.16614814960403357
  0.17314598111152585  0.18002074280095176  0.18674737301252142  0.19337292951482121
  0.19999759258600716  0.20658708045880952  0.21309241178599203  0.21954358653024764
  0.22571480022909507  0.23170200123851037  0.23757184797420944  0.24352754753731154
  0.24960296619647837  0.25569754416675472  0.26168743113263582  0.26751145978759716
  0.27318785020821457  0.27880547326346189  0.28457572232653916  0.29014724798404251
  0.29512335305254672  0.29997352543841210  0.30447696129067464  0.30910694410386175
  0.31374161549882940  0.31813379944267417  0.32267172821817114  0.32764731154511051
  0.33302879055317086  0.33862025823241998  0.34415212862073380  0.34946635766456707
  0.35449508032350707  0.36012768596875910  0.36605154761628894  0.37211887089456919
  0.37832871558423159  0.38471680537778374  0.39131242591215099  0.39810982002539941
  0.40498563290305928  0.41199664406455438  0.41860474125644609  0.42468221922847482
  0.43066842855107063  0.43675118119963319  0.44325940384487983  0.45015597120097328
  0.45731169928537824  0.46494430893786842  0.47298344978731016  0.48133989440310021
  0.48946973223527457  0.49698029597889776  0.50435057048659238  0.51197300056054718
  0.52030994551597887  0.52923136571547669  0.53837637322759313  0.54745206755533360
  0.55617330246525953  0.56503628458702282  0.57405000217519941  0.58301906827949956
  0.59229618957701247  0.60199629904839080  0.61304139026358118  0.62403775756280444
  0.63509549984006253  0.64619667289799865  0.65731608688272192  0.66838525319297259
  0.68010043966532374  0.69274359139324637  0.70627965980020979  0.72099707308221905
  0.73690734587440065  0.75235354584271463  0.76933044353244628  0.78723393852275236
  0.80797207152572770  0.83515071391414286  0.87805282370000470  1.00000000000000000
  0.16175907978964690       -1.0000000000000000     
 F T F T F T F F T F T F T F F F F F F T F T F T F F T F T F T F F T F T F T F F T F T F T F F F F F F T F T F T F F T F T F T F
  <DiscreteSampler_grid>
  grouped_processes
  1 # 1 for a reference and 2 for a running grid.
  10 # Attribute 'min_bin_probing_points' of the grid.
  1 # Attribute 'grid_mode' of the grid. 1=='default',2=='initialization'
  0.0000000000000000 # Attribute 'small_contrib_threshold' of the grid.
  0.5000000000000000 # Attribute 'damping_power' of the grid.
 # binID   n_entries weight   weight_sqr   abs_weight
    13   10   4.488311361781565E+006   1.037011919503295E+014   4.488311361781565E+006
    14   10   4.488311361781561E+006   1.037011919503292E+014   4.488311361781561E+006
    16   10   4.488311361781565E+006   1.037011919503294E+014   4.488311361781565E+006
    17   10   4.488311361781562E+006   1.037011919503293E+014   4.488311361781562E+006
    22   10   4.488311361781565E+006   1.037011919503295E+014   4.488311361781565E+006
    23   10   4.484824713828271E+006   1.034804961380192E+014   4.484824713828271E+006
    25   10   4.484824713828275E+006   1.034804961380194E+014   4.484824713828275E+006
    26   10   4.484824713828274E+006   1.034804961380193E+014   4.484824713828274E+006
  </DiscreteSampler_grid>
