  0.00001830279127630  0.00002015321755914  0.00002115512351627  0.00002164934352567
  0.00002224794997449  0.00002277823958325  0.00002322481668007  0.00002370374248071
  0.00002422274190725  0.00002473451597088  0.00002521386428197  0.00002570255706772
  0.00002623708273822  0.00002679176057032  0.00002739044319313  0.00002807246597135
  0.00002880350133750  0.00002956636158802  0.00003033082784050  0.00003112430408514
  0.00003197431683750  0.00003281760727660  0.00003370340584026  0.00003474454449405
  0.00003600999716531  0.00003733703400205  0.00003869657608994  0.00004013924812435
  0.00004166007654657  0.00004319262600975  0.00004474662302335  0.00004639314092240
  0.00004813452130323  0.00004991086544085  0.00005191163735082  0.00005402617985851
  0.00005624387552114  0.00005860827855791  0.00006108807998892  0.00006362566101492
  0.00006631430800395  0.00006931167723926  0.00007258547117811  0.00007618607773866
  0.00007998292431435  0.00008386160901244  0.00008788932760506  0.00009194098680072
  0.00009614766348028  0.00010082557215781  0.00010584151796689  0.00011146497139962
  0.00011737124552384  0.00012344668355111  0.00013012426660471  0.00013720349638418
  0.00014517244294262  0.00015344041123790  0.00016217654689124  0.00017140866265260
  0.00018090582448757  0.00019100902605470  0.00020178423367357  0.00021351735174061
  0.00022646930101317  0.00024069040446552  0.00025601784762261  0.00027199796312977
  0.00028916884067562  0.00030709459584163  0.00032659212036174  0.00034741501826564
  0.00037164637352473  0.00040041451620655  0.00043288997895617  0.00046798697136441
  0.00050415172264019  0.00054305637389563  0.00058784804607067  0.00063945386578081
  0.00068637717871840  0.00073187797875067  0.00077969315973728  0.00083139701623470
  0.00088515786238101  0.00095560156490935  0.00103618914043881  0.00112482244006556
  0.00121417234935301  0.00131905573293548  0.00144826631545111  0.00164223406362858
  0.00189568296425270  0.00228574076103920  0.00328692931433258  1.00000000000000000
  0.00001912251724558  0.00002015763456477  0.00002151734891617  0.00002270741068438
  0.00002380446917476  0.00002496060363823  0.00002606299270451  0.00002717586785499
  0.00002835462041567  0.00002954671250308  0.00003078263180493  0.00003206107471498
  0.00003335353212462  0.00003465259527089  0.00003602063341811  0.00003738670425127
  0.00003871855994856  0.00004014549510824  0.00004163801927412  0.00004313341662217
  0.00004473077311576  0.00004648252915347  0.00004832675317178  0.00005023432013420
  0.00005224100767243  0.00005431955604726  0.00005643386338594  0.00005864993371852
  0.00006118271239618  0.00006352617600323  0.00006609129519092  0.00006871729720630
  0.00007147790510276  0.00007443212381556  0.00007751267859330  0.00008069011159714
  0.00008407818300898  0.00008791518282080  0.00009191650358563  0.00009587357537337
  0.00009986189529975  0.00010388855308873  0.00010814895747312  0.00011289663833771
  0.00011786419373934  0.00012285880733777  0.00012822674925647  0.00013385129753376
  0.00013937382502268  0.00014539194939796  0.00015160788936136  0.00015859803525940
  0.00016648845011648  0.00017471953738907  0.00018307720760764  0.00019157005573421
  0.00020006032722910  0.00020881723987018  0.00021769215237925  0.00022648705739642
  0.00023576585454929  0.00024699117991732  0.00025987268469541  0.00027364425814836
  0.00028634076847422  0.00029879343345425  0.00031196427216294  0.00032678920506946
  0.00034217007221302  0.00035592090174515  0.00036846014689302  0.00038120060237096
  0.00039448508356272  0.00041336122884176  0.00043677680035652  0.00046371057034032
  0.00049295733575358  0.00052279845053960  0.00055160165038415  0.00058031720667850
  0.00061435918622439  0.00065243052561144  0.00069863551117702  0.00074204659072313
  0.00079597684673849  0.00085291276332472  0.00091664782736567  0.00098684033513340
  0.00106269239934210  0.00115348009451029  0.00125133611201988  0.00134779301712431
  0.00149596721697679  0.00166534702968370  0.00178466959942134  1.00000000000000000
 -0.00231551095928511  0.01026402964741372  0.02100624826117143  0.03197180628511618
  0.04327443743849055  0.05380626488267751  0.06377825548749938  0.07364319477273774
  0.08364532567005684  0.09361590368403283  0.10332375338520999  0.11291202471188250
  0.12271962458326829  0.13235608280975852  0.14195309202683148  0.15153288688478148
  0.16160005428858301  0.17219803377745885  0.18243058499675330  0.19258803828411417
  0.20336579190810625  0.21403571377305367  0.22454289285029119  0.23501164177759440
  0.24615664699112477  0.25785540411256641  0.26923118798951284  0.28011286201503977
  0.29063860888432580  0.30155451348990059  0.31261605820559951  0.32320614285807853
  0.33294859305139124  0.34269505125875310  0.35291858969626627  0.36402866839538800
  0.37531156735755106  0.38627738189038702  0.39719351065507236  0.40843414010728468
  0.41977228851717024  0.43174867667114353  0.44372020241228677  0.45586586431587506
  0.46722393154745873  0.47812659699945220  0.48882711194281375  0.49935335657535346
  0.50949778719143934  0.51935399281243910  0.52927687838636406  0.53906241408262556
  0.54867843379279224  0.55820074917179130  0.56829843972679261  0.57916182778417424
  0.59030494371548581  0.60136285689605817  0.61184516703164926  0.62199732865454171
  0.63168892193624471  0.64126607685632664  0.65076020803355261  0.66029396350697345
  0.67015545957542844  0.68056148255989213  0.69184449155688366  0.70360499478917393
  0.71430712103635641  0.72468149385375291  0.73512825437228213  0.74599754675723529
  0.75745984687457690  0.76918667186810630  0.78158915057235956  0.79326415676103534
  0.80430268223666701  0.81476297211305593  0.82502882751214324  0.83503036718955226
  0.84494041702184453  0.85490112810139307  0.86589378696864439  0.87735372830205682
  0.88813362092971038  0.89872989987499186  0.90933469503525766  0.92038187361890944
  0.93056248295312138  0.94053421031857865  0.95031018919947130  0.96060350075118339
  0.97098178237425403  0.98146745808008251  0.99096393351758438  1.00000000000000000
 -0.00002985442888430  0.00001454797032133  0.00005895036952695  0.00015428874430081
  0.00026607904217009  0.00037926773668757  0.00049360279042662  0.00057733693291845
  0.00063498969794793  0.00069813717482831  0.00076300246008525  0.00082775299897488
  0.00089272896946440  0.00095785001237197  0.00102230909543961  0.00109623055016810
  0.00118306243806461  0.00126965236571580  0.00135606921894938  0.00144133694222443
  0.00152775012390270  0.00161617174866289  0.00170729022344650  0.00179961334955983
  0.00189170398449718  0.00198429033986254  0.00207762351961746  0.00217675748259531
  0.00227864205770667  0.00238511398416475  0.00249104729612444  0.00259718700872577
  0.00270700163093260  0.00282248438474434  0.00294165344877079  0.00305686822283656
  0.00317476558547452  0.00329471500287690  0.00341529308323234  0.00353809991643495
  0.00365916095634768  0.00376890296945969  0.00388060685971485  0.00399353878767108
  0.00410394637587485  0.00422282597603744  0.00435268423311918  0.00447891775841576
  0.00460804096182432  0.00473967437289648  0.00487370347349733  0.00500748785202906
  0.00514884946709510  0.00530692796839840  0.00546580630999644  0.00565248289283160
  0.00581448817998886  0.00597471670283863  0.00613493453839524  0.00630005754085169
  0.00647968098610420  0.00664074081380509  0.00681414704538480  0.00697889226660354
  0.00714908033963362  0.00733248983142934  0.00751908540617010  0.00772583825624700
  0.00798127705387139  0.00837598965722077  0.00878757784387309  0.00915866115738670
  0.00949423616261059  0.00985378855971249  0.01023989263746129  0.01068661559310907
  0.01116827152075994  0.01162710816909639  0.01197846206247464  0.01233921521995474
  0.01264808017607890  0.01300688821371856  0.01340417543578063  0.01451455703269706
  0.01542366130224746  0.01618243617151652  0.01662204461942659  0.01715339234092525
  0.01828357822135701  0.01998502051241575  0.02164644240862021  0.02646804158672545
  0.02800036699418319  0.03465625836190566  0.04270417741426273  1.00000000000000000
 -0.00192214154295223  0.00784054842677758  0.01577337024434439  0.02338399948737460
  0.03074679198627317  0.03808742721553297  0.04545687263027676  0.05315684604413386
  0.06090809593153247  0.06887378927187472  0.07732909594942154  0.08549031258116323
  0.09370405942627771  0.10169857656632759  0.10945629502741755  0.11746519158742076
  0.12512559131563397  0.13302627000249967  0.14118832301840278  0.14967280021274695
  0.15821389040447978  0.16626287556952837  0.17484853185570606  0.18381720732569182
  0.19343455283910543  0.20304892204677963  0.21292073056132696  0.22323975145083280
  0.23385537403725953  0.24436608205269114  0.25482276794907971  0.26550643529513218
  0.27675172205640330  0.28828382623277704  0.30015241787286018  0.31200899176092273
  0.32371904954908332  0.33581170181983155  0.34814912638260120  0.36065196567319985
  0.37336592583486650  0.38765873522023453  0.40440906255242665  0.42122939623328903
  0.43542388553613059  0.44979046040557874  0.46511994932367401  0.48028076991606011
  0.49492067268759793  0.50944436095064261  0.52607286577910517  0.54672877840083645
  0.56787855636379159  0.58625807866750945  0.60210950160772747  0.61714270836331842
  0.63176714962850877  0.64549424330581495  0.65874107266111404  0.67154425869137269
  0.68404315984847386  0.69600727463420076  0.70758572757945415  0.71858496597742916
  0.72954991238843780  0.74079596313034013  0.75179952452906318  0.76270998992765660
  0.77304718519000948  0.78296202016979910  0.79207923895343602  0.80130662317706869
  0.81078757207838736  0.82075051889697381  0.83071953097272855  0.84016919086039676
  0.84954162825655100  0.85902042087460573  0.86835439857811103  0.87691825198267270
  0.88434552507881303  0.89137073177778303  0.89860548059477541  0.90610052545257092
  0.91415381623994418  0.92216497097809336  0.93043345208464445  0.93932430354941954
  0.94784452895510540  0.95595475952758002  0.96380376516542998  0.97122893033455782
  0.97877680085834529  0.98606654178299902  0.99289874234127784  1.00000000000000000
  0.05272176155774845  0.06738421002960428  0.08840997462085290  0.10239743371407356
  0.11444655766434420  0.12683208616402611  0.13888617622209390  0.15042059803368513
  0.16207601571373606  0.17301496880278436  0.18414001105638572  0.19533635705569569
  0.20625616599924604  0.21704683690109419  0.22773524006491641  0.23789598378818863
  0.24756352818381555  0.25726870201951269  0.26719444259923997  0.27727906838102323
  0.28754875316354583  0.29754842184506530  0.30800145960661190  0.31880591530905261
  0.32960544829111427  0.34014575652633328  0.35079146533006272  0.36126037773123326
  0.37144595223259352  0.38148439620510355  0.39161360632527420  0.40199773716522436
  0.41239599298780827  0.42258606539322402  0.43259640271646449  0.44244348604043171
  0.45253880919641598  0.46269734362191806  0.47250930659287876  0.48191289378118957
  0.49137634559535814  0.50100677659557435  0.51100889015996154  0.52098011432959690
  0.53076966408272197  0.54060701093495733  0.55034600843585779  0.55996034213195167
  0.56930359955877718  0.57860073728308381  0.58800262064121955  0.59764624792196874
  0.60735236995754072  0.61687094885122262  0.62610123254875116  0.63504409184272070
  0.64355142430657253  0.65161810674374343  0.65939049306196995  0.66707326703376302
  0.67484048745778236  0.68243012527508429  0.68964279585165678  0.69669392196148494
  0.70357795079144736  0.71030445865447889  0.71697439676172892  0.72346610182974380
  0.72981976068541732  0.73640677604937133  0.74299216494557896  0.74969194836285491
  0.75672943475031329  0.76383125890345938  0.77117282353207217  0.77879100058588024
  0.78665383038598669  0.79478263079636113  0.80287796295280978  0.81097192916998806
  0.81930028390337184  0.82782356933766499  0.83643179074813179  0.84520053010580654
  0.85421354796624061  0.86365509636336635  0.87375044784011802  0.88391733121880267
  0.89434444701539617  0.90501117328877334  0.91622429525122440  0.92822119158515692
  0.94166642335740458  0.95696519332733510  0.97521223486355313  1.00000000000000000
 -0.01736748001510031  0.10159117173221827  0.13424847367140150  0.15428534909519692
  0.17190656124658593  0.18773378109990410  0.20130938162194276  0.21347494935416639
  0.22448263175838967  0.23541299435307661  0.24559334726827375  0.25562897746784902
  0.26503345868710226  0.27469107763601858  0.28399553201777122  0.29279995728869085
  0.30092112318855574  0.30865947149926770  0.31655821033081361  0.32474728630910971
  0.33297954398125584  0.34015801191713302  0.34674865717609787  0.35318391162817031
  0.35956335771881098  0.36614238046478781  0.37266109071206988  0.37892681439021031
  0.38505335346696795  0.39116887438314385  0.39732522743100718  0.40352034753983762
  0.40949829234980539  0.41500140143670672  0.42059345891260175  0.42618964116192498
  0.43194504821457191  0.43782735908588738  0.44368001127649270  0.44941980184000763
  0.45524980180455649  0.46110410387482831  0.46702545953933539  0.47303393848438424
  0.47907655634682367  0.48516967816620160  0.49139287782676372  0.49768819605547682
  0.50381748438057028  0.50986075216414928  0.51578129094640290  0.52164299669212200
  0.52737390238976878  0.53321060724640235  0.53914398103120453  0.54505070562216273
  0.55084259406440839  0.55627723295411069  0.56149524134591378  0.56680964702395187
  0.57208829095558722  0.57742737047851955  0.58294154814632504  0.58865265945723577
  0.59458440051743289  0.60033817373234355  0.60612837690196375  0.61210652058555648
  0.61833288979412726  0.62492219615559763  0.63179226388416487  0.63857091728295112
  0.64523246382083632  0.65201949611070664  0.65920007409007719  0.66683213908695671
  0.67465733430193675  0.68238417411773633  0.68999866242710162  0.69772754319437280
  0.70579781679649023  0.71436542760435551  0.72320449485802041  0.73201728662871501
  0.74126421326072078  0.75113553953166645  0.76174199233088935  0.77292463721514748
  0.78500800692704054  0.79816291359198077  0.81194355125185402  0.82666795447327568
  0.84395865474351328  0.86527076628527388  0.89889812264637059  1.00000000000000000
  0.11529144467326732       -1.0000000000000000     
 T F F T F F F F T F F T T F F T T F F T T F F T F F F F T F F T F F F F F F F F F F F F F F F F F F F F F F F F F F F F F F F F
  <DiscreteSampler_grid>
  grouped_processes
  1 # 1 for a reference and 2 for a running grid.
  10 # Attribute 'min_bin_probing_points' of the grid.
  1 # Attribute 'grid_mode' of the grid. 1=='default',2=='initialization'
  0.0000000000000000 # Attribute 'small_contrib_threshold' of the grid.
  0.5000000000000000 # Attribute 'damping_power' of the grid.
 # binID   n_entries weight   weight_sqr   abs_weight
    10   10   6.853673823270455E+006   2.615459293913332E+014   6.853673823270455E+006
    16   10   6.854362275627531E+006   2.616150719932318E+014   6.854362275627531E+006
  </DiscreteSampler_grid>
