  0.00001854042806741  0.00001950305520912  0.00002009962433129  0.00002057491005881
  0.00002100381823332  0.00002144782195110  0.00002191315434500  0.00002239703132099
  0.00002291580741487  0.00002340852202965  0.00002397825221849  0.00002456830189070
  0.00002516351417769  0.00002577082845183  0.00002640230735948  0.00002707108742031
  0.00002779259554456  0.00002859843546690  0.00002940294556823  0.00003020532987100
  0.00003103603928449  0.00003191085222813  0.00003281317945084  0.00003373831842234
  0.00003470700385548  0.00003573041776664  0.00003677458119315  0.00003784669477248
  0.00003892505682893  0.00004008284953050  0.00004127290807656  0.00004247638014753
  0.00004370238378222  0.00004497663501487  0.00004632932578297  0.00004774680631472
  0.00004920191966865  0.00005075847379317  0.00005243565230563  0.00005426382272457
  0.00005609647228768  0.00005804390510946  0.00006009829848092  0.00006225095668842
  0.00006453976153580  0.00006704852148531  0.00006971393485638  0.00007244106060893
  0.00007532559134736  0.00007845236659284  0.00008170556934999  0.00008519524847604
  0.00008896403664913  0.00009291681294868  0.00009709898347062  0.00010185260382078
  0.00010678450399629  0.00011224245395587  0.00011808187923116  0.00012411461484978
  0.00013087043560612  0.00013792942383586  0.00014575142251162  0.00015426311785645
  0.00016347409820311  0.00017330523147305  0.00018382449781085  0.00019525238497227
  0.00020741872073398  0.00022026655772515  0.00023404709590279  0.00024967264446182
  0.00026729325585902  0.00028702277708663  0.00030860560089186  0.00033262212159148
  0.00035873706921151  0.00038817330612219  0.00042178256086171  0.00045972037233464
  0.00050191642983473  0.00054887005589728  0.00060535066874924  0.00067150434854511
  0.00074899588246676  0.00083684561072610  0.00093738944773848  0.00106855761194383
  0.00123736676594157  0.00143252956997002  0.00163745585774455  0.00189916081591071
  0.00239939484019382  0.00315512789093963  0.00867938146174029  1.00000000000000000
  0.00001920709250640  0.00002052189776658  0.00002164634297208  0.00002296819554973
  0.00002426411954292  0.00002562430094687  0.00002699971112640  0.00002837780168786
  0.00002978060200942  0.00003121977671967  0.00003271372308185  0.00003417673132951
  0.00003570755598310  0.00003726410319927  0.00003886414197033  0.00004054588438389
  0.00004229089667789  0.00004411579821906  0.00004611210104394  0.00004824996247256
  0.00005048996435576  0.00005295082051697  0.00005546152507349  0.00005801625746385
  0.00006069993786727  0.00006343204150972  0.00006629586583765  0.00006936420659597
  0.00007250615761381  0.00007576342569804  0.00007909966314010  0.00008249378799920
  0.00008604140152356  0.00008989609537074  0.00009368509539995  0.00009757235370842
  0.00010164703560909  0.00010575202592622  0.00011015543715773  0.00011479744031467
  0.00011954642235834  0.00012446869691745  0.00012959781176948  0.00013487572726347
  0.00014030832150518  0.00014596071709563  0.00015181450738177  0.00015789389474218
  0.00016468279398392  0.00017176296024438  0.00017898773253785  0.00018680304052092
  0.00019500011586660  0.00020334412738486  0.00021205195720538  0.00022111676518933
  0.00023064106201873  0.00024090900541792  0.00025179017069650  0.00026236253944130
  0.00027459399985517  0.00028703587154499  0.00030027114474133  0.00031487054096126
  0.00033003670021269  0.00034708227190125  0.00036592254042366  0.00038611424397244
  0.00040843716956820  0.00043214069500078  0.00045979376738233  0.00048940800333798
  0.00052573012699007  0.00056070503718917  0.00060007768827341  0.00064033210050487
  0.00068394215601091  0.00072839978255272  0.00077982773580628  0.00083734685976347
  0.00090367446642658  0.00098002470046905  0.00106924953604171  0.00117719614252073
  0.00131524551975293  0.00143662873444693  0.00153718812290466  0.00165621402857786
  0.00177944232090532  0.00193101868207369  0.00210704962169996  0.00232021207797676
  0.00246731947511802  0.00257248396455490  0.00264687594894175  1.00000000000000000
 -0.00248458257937902  0.01150443193552611  0.02148215848409650  0.03102400109369037
  0.04037000026134524  0.05019126311616301  0.06034837540463350  0.07056074041587404
  0.08091432433090473  0.09109308882440860  0.10115214367593169  0.11124499288362255
  0.12150629061664323  0.13155697185700554  0.14163201693888969  0.15195876207552544
  0.16237410692986612  0.17271691349176832  0.18307914581574281  0.19374088629573158
  0.20463997703711681  0.21554580852471056  0.22597160784967696  0.23643204986237770
  0.24665344333708775  0.25729407981546532  0.26799360659820104  0.27947712641541589
  0.29123187333084855  0.30297065837337239  0.31447556792902026  0.32584709670483997
  0.33748488435491142  0.34937891938251781  0.36093901331137829  0.37224003338911948
  0.38360418874433738  0.39501710451704186  0.40621508444445115  0.41758741205579281
  0.42941441784704021  0.44106910906231961  0.45229537231508554  0.46347538278540773
  0.47460505312391482  0.48541242570655807  0.49623776124559926  0.50742355144210372
  0.51863540115025331  0.52965019612683073  0.54049280804630584  0.55133523094850012
  0.56226257425976900  0.57343004281831411  0.58463735772522241  0.59591222357960127
  0.60729832842218112  0.61856564482779297  0.62956752543465999  0.64042401186695586
  0.65103123625623183  0.66149778592460895  0.67196377208149127  0.68235293015300369
  0.69253758549597744  0.70249179211020685  0.71294769202591912  0.72365726343054981
  0.73466838919603816  0.74501886707105325  0.75547833487125438  0.76607192639466659
  0.77662546158138623  0.78717176727481364  0.79768748805868039  0.80828082324894190
  0.81834827700867119  0.82788053687338292  0.83756087739957041  0.84780236223220640
  0.85800286451960650  0.86755458861010137  0.87686017945728267  0.88603750708756390
  0.89554077167129531  0.90478140036507726  0.91397635059415805  0.92274738836810910
  0.93174274919560862  0.94087408996730026  0.95064498741377057  0.96067065155269138
  0.97033617286463014  0.97988973972003035  0.98947769319883228  1.00000000000000000
 -0.00211317965399240  0.00884482766662294  0.01904107743483949  0.02952938791083787
  0.04044858437620778  0.05139317802121214  0.06246787548072470  0.07358373633254235
  0.08462808614136515  0.09552580519620293  0.10645224760175026  0.11760298596950282
  0.12903755018368576  0.14017325323554428  0.15097609752404548  0.16144987698012359
  0.17204254551390852  0.18278120279419938  0.19292370284881480  0.20317539152925493
  0.21311950425104428  0.22331226339281449  0.23337667598397632  0.24344485595347623
  0.25360873087492414  0.26393945599901686  0.27458417111099770  0.28537885402220736
  0.29645333519762290  0.30770710025241010  0.31917622040257865  0.33032213548181177
  0.34114883247612526  0.35181897403010648  0.36237205401866845  0.37270933911532467
  0.38264689172126803  0.39232803798015703  0.40177240151504667  0.41131014152833173
  0.42116979401906346  0.43131090591752458  0.44167224587158332  0.45210336227884867
  0.46239111028834196  0.47262685284036848  0.48287956083596084  0.49326170645546041
  0.50391029306720880  0.51494958951278513  0.52607887075972359  0.53679636518581797
  0.54736739910347110  0.55805177466722700  0.56882963019804467  0.57946187553609807
  0.59029055946262865  0.60110816105459519  0.61184438562555277  0.62246703694602057
  0.63307016004568073  0.64359439552428244  0.65398691391823682  0.66407127463523041
  0.67432454186441126  0.68480678159773012  0.69555532164254907  0.70613305402499127
  0.71672421560283550  0.72718952501265810  0.73778347897407726  0.74818528729168010
  0.75854149936512927  0.76889088755755752  0.77938778651681251  0.79045842404320643
  0.80143957818731115  0.81243658117866968  0.82309680945199792  0.83402289640688543
  0.84429463835146668  0.85432676387152084  0.86376589563913664  0.87360752294636757
  0.88408830274270067  0.89487738655666349  0.90581783023101692  0.91667751694527611
  0.92776563819115165  0.93882302962852848  0.94944805431804036  0.95960354215158450
  0.96933983030194781  0.97935835545589489  0.98950870493231391  1.00000000000000000
 -0.00232431515305394  0.00975758799891257  0.01954986943390728  0.03004486052513403
  0.04020295473842327  0.05106748760558994  0.06202847821348417  0.07253167189319477
  0.08282119817144652  0.09258240172386499  0.10245989272286166  0.11260346587136617
  0.12307641143879683  0.13372952284289044  0.14433574824964759  0.15496564876071503
  0.16552304193657086  0.17582078840551388  0.18641386041414645  0.19773742761240970
  0.20966382314887125  0.22146327354452852  0.23296604994836667  0.24407587414331944
  0.25512385311390862  0.26597606804269708  0.27681798541120883  0.28743384386043014
  0.29782691617939760  0.30793934683949820  0.31788150737197846  0.32765165299705262
  0.33755193840552994  0.34775608616057740  0.35794744082956992  0.36781314469094201
  0.37765452543450123  0.38795552152063434  0.39861886587487066  0.40916145930392528
  0.41926999443268170  0.42919697222189945  0.43927631797131517  0.44963087193316553
  0.46012006800803901  0.47065225561647495  0.48135631858463668  0.49227343945120322
  0.50308384692082253  0.51358837283524617  0.52403749570734703  0.53443845132481593
  0.54486836795376037  0.55539996227934885  0.56617463623094944  0.57674457482151442
  0.58696526994009934  0.59711841157575951  0.60772245504686828  0.61894708351261496
  0.63008714640909369  0.64103968261167210  0.65177807897705520  0.66241271265271706
  0.67298979280615701  0.68338479205939140  0.69358901200481560  0.70313141141256452
  0.71300328570195326  0.72350213662393659  0.73489861459313743  0.74654620260456694
  0.75736454042488643  0.76743527112002863  0.77705431669745761  0.78668082662459471
  0.79682545035078700  0.80721639502793219  0.81783281019340692  0.82869400237327973
  0.83965866115045962  0.85060242793165919  0.86145244673972632  0.87252676707711496
  0.88377751089491874  0.89501317705233863  0.90589745248637321  0.91650479606752377
  0.92695878388945285  0.93719655913396782  0.94731280486602543  0.95719139804852293
  0.96767422560944705  0.97834283354351881  0.98923307884361600  1.00000000000000000
  0.04024491221844483  0.12369595319475386  0.14957907605834733  0.16940909065043872
  0.18901999518816567  0.20262784248549681  0.21422214145481688  0.22532810168482517
  0.23672788670319458  0.24831277131031895  0.26036772922381934  0.27202826315190692
  0.28299727242038014  0.29399530358855497  0.30520270773835262  0.31612384319659592
  0.32691901995349421  0.33774186436415821  0.34872732263444073  0.36017370725868608
  0.37175733111300224  0.38289551567449515  0.39330268984493111  0.40369496909909885
  0.41408838627721017  0.42435354544579590  0.43428334699896209  0.44375519011985221
  0.45316009803361312  0.46272800828810584  0.47225332128684566  0.48144607208451012
  0.49031900997538969  0.49919487138822327  0.50863357112875562  0.51858837439588057
  0.52882587731915420  0.53887624857426553  0.54857159872470196  0.55801713589626945
  0.56731040877646510  0.57644451098975502  0.58542600244946363  0.59422285582817658
  0.60304969544107678  0.61191618426985550  0.62067250691360776  0.62931649003454204
  0.63793758640837972  0.64666872035817202  0.65567888118137041  0.66478192201132358
  0.67371486805515657  0.68239863333522721  0.69103773922440725  0.69976496517082509
  0.70837991583352489  0.71663445899639444  0.72468028831824438  0.73275618459105762
  0.74097091833154638  0.74924233376622651  0.75744940877894062  0.76567893637242357
  0.77399698881697632  0.78239439048391113  0.79057775791476070  0.79858701441376356
  0.80650884955062052  0.81425562124808870  0.82190593851932892  0.82949839804828795
  0.83693909020136192  0.84391612848497777  0.85090404967889388  0.85791272846404154
  0.86481729608401559  0.87157494907510191  0.87796347390696883  0.88414152128959400
  0.89028978832816819  0.89647912029305454  0.90279201377293772  0.90929709504894529
  0.91586715142727337  0.92226302222757772  0.92848119075652458  0.93441183232703129
  0.94060772538401349  0.94701524151087479  0.95358454399006309  0.96045249248821829
  0.96794249594080417  0.97618952488130240  0.98682491155323349  1.00000000000000000
 -0.01936160263094226  0.12583255201787433  0.17194880153761150  0.20297668775391300
  0.22866122818173945  0.25013883524838160  0.26913152136007612  0.28609737880143066
  0.30160118216231907  0.31610737966060204  0.33008307394805708  0.34349633901115861
  0.35632593148690228  0.36889199628281444  0.38068408327950631  0.39228001726077577
  0.40293786544434562  0.41352528265264005  0.42320841323893055  0.43231506172078804
  0.44109751680949910  0.44967466163823355  0.45830099223822768  0.46668402507630607
  0.47484068621701753  0.48290831906865245  0.49081992485592280  0.49858037035831199
  0.50627542116223556  0.51384430001304160  0.52145373281715035  0.52866419096535355
  0.53589678722262835  0.54277094304238382  0.54939825472540305  0.55598339723184664
  0.56244204036931467  0.56869863100863127  0.57500929599242812  0.58135453543501059
  0.58759989692143255  0.59377498293612907  0.59991680814975290  0.60587895646610457
  0.61158586248000602  0.61726785978778898  0.62292994806958113  0.62855901449560347
  0.63407809427634487  0.63948448037913042  0.64480973227032401  0.65025082005000623
  0.65575267607229026  0.66121898754318531  0.66667034426534133  0.67229727901041592
  0.67800752094553940  0.68364712826222740  0.68937851710160614  0.69516068321729241
  0.70097150008532305  0.70667166501252388  0.71206364257008403  0.71724977657342170
  0.72249494022376970  0.72762031809416594  0.73257601040827502  0.73751268545612103
  0.74246041117612371  0.74745835245106784  0.75255708124286125  0.75766295437888365
  0.76280485961591682  0.76806647523021143  0.77356855963356908  0.77933095730581103
  0.78513400919110377  0.79106015105622707  0.79716118679790759  0.80326025043981386
  0.80935040477591147  0.81553041989462316  0.82176983761283329  0.82809156490354907
  0.83452605867290897  0.84118921609718322  0.84811713502219221  0.85563941420028222
  0.86396672354049775  0.87303676194346036  0.88288089901459865  0.89376262702216491
  0.90619343503875149  0.92177640367885638  0.94548718887411132  1.00000000000000000
   6.2654130459987708E-003  -1.0000000000000000     
 F T T T T T T F F F F F F F F F F F F F F F F F F T T T T T T F F T T T T T T F F F F F F F F F F F F F F F F F F T T T T T T F
  <DiscreteSampler_grid>
  grouped_processes
  1 # 1 for a reference and 2 for a running grid.
  10 # Attribute 'min_bin_probing_points' of the grid.
  1 # Attribute 'grid_mode' of the grid. 1=='default',2=='initialization'
  0.0000000000000000 # Attribute 'small_contrib_threshold' of the grid.
  0.5000000000000000 # Attribute 'damping_power' of the grid.
 # binID   n_entries weight   weight_sqr   abs_weight
    10   10   6.203692576056120E+005   7.467601710035896E+011   6.203692576056120E+005
    11   10   6.335726415523809E+005   7.640842816539894E+011   6.335726415523809E+005
    16   10   6.203692576056119E+005   7.467601710035891E+011   6.203692576056119E+005
    17   10   6.335726415523806E+005   7.640842816539888E+011   6.335726415523806E+005
    22   10   6.335726415523806E+005   7.640842816539888E+011   6.335726415523806E+005
    23   10   6.335726415523806E+005   7.640842816539888E+011   6.335726415523806E+005
  </DiscreteSampler_grid>
