 -0.00195039288782811  0.01812464989155332  0.02524392397227047  0.03131625191431641
  0.03712405689668918  0.04239959079611223  0.04719847099203316  0.05205408395243345
  0.05699660737477470  0.06207074232381803  0.06725781399004545  0.07261940897695429
  0.07794817808417920  0.08342937157637723  0.08894198193412049  0.09454580917750366
  0.10036250859201454  0.10617173986530408  0.11200116209100505  0.11775769926867748
  0.12352253778603098  0.12923865687034242  0.13490040796309277  0.14061443994617925
  0.14636855755446448  0.15233482921053509  0.15847083979795243  0.16445827817089848
  0.17050313777724721  0.17654351062899382  0.18262913523840485  0.18881595287266972
  0.19496978583247268  0.20124047577506460  0.20745394664256889  0.21373177192948800
  0.22010685710445438  0.22662145887119547  0.23316518046144219  0.23964977947273366
  0.24618244122525410  0.25283765764225791  0.25963665735758445  0.26654842554431551
  0.27347141662824154  0.28047418182334782  0.28766850567923458  0.29497480799090886
  0.30231513016952483  0.30950743130648756  0.31672650913613315  0.32428679475632755
  0.33205749091678372  0.33985456089459259  0.34767637485121028  0.35550161748496883
  0.36354739005350745  0.37192891395589434  0.38033549995826638  0.38871395044954005
  0.39711888864543216  0.40564648788333008  0.41452236328214664  0.42367490548070486
  0.43276923928889666  0.44183991125823369  0.45091132897313241  0.45999917984142413
  0.46947022254535897  0.47937273188117790  0.48960540923303114  0.49996337937630725
  0.51054014827466576  0.52108043239522717  0.53194448266828320  0.54352729824385426
  0.55528409046202509  0.56708021700793443  0.57903358239460812  0.59109184646765600
  0.60362850246689936  0.61720215726360239  0.63101694855888368  0.64510694193442675
  0.65956192179698525  0.67412976192702001  0.69147860635107150  0.71013780278696037
  0.72960850221135221  0.75005529930294135  0.77206591115232559  0.79871656543468195
  0.83005918597528827  0.86700158300861552  0.92059523291907097  1.00000000000000000
 -0.00248149757455012  0.00946709134667365  0.01977971463504125  0.03017339835311141
  0.04071985497124513  0.05148191184967545  0.06213827662904871  0.07242960453010479
  0.08256981760360368  0.09294621384641219  0.10352801752134162  0.11418355768666784
  0.12506953430300063  0.13634012926192715  0.14750137508497535  0.15822478552715952
  0.16889246705549599  0.17974293870825611  0.19096044124169978  0.20190693894953882
  0.21283685443780695  0.22375558738922488  0.23463395464530973  0.24551652857327491
  0.25632934061522733  0.26726467294560535  0.27793728916523108  0.28830762188989828
  0.29866037124516376  0.30887068884293123  0.31901108619363461  0.32921059034619116
  0.33954689893707474  0.34999311068447375  0.36042433798230461  0.37074556267682779
  0.38130604488126507  0.39153876252837172  0.40204394271992266  0.41267670904919790
  0.42324839246892521  0.43385688503093678  0.44411142994636416  0.45427866544651307
  0.46465879754185213  0.47495286514732432  0.48534811618565632  0.49591002992196698
  0.50640593362638642  0.51705918572573117  0.52741507140210675  0.53779423485186184
  0.54845112763534065  0.55931518968280713  0.57006450587023239  0.58080936488817536
  0.59151167530072646  0.60208987201012132  0.61228316181087783  0.62240736622739401
  0.63296171330313444  0.64359256631697681  0.65438933535817123  0.66506296709094492
  0.67577049518933674  0.68627526562162056  0.69678478075081829  0.70720777277677460
  0.71745397373254938  0.72745009181057052  0.73765445725977941  0.74780250735950760
  0.75831808018962055  0.76891666572096140  0.77996415116115247  0.79112276255803260
  0.80209774179533122  0.81321851123398814  0.82422839396216385  0.83529182945435121
  0.84614501353620708  0.85699894334596249  0.86769357308099682  0.87856004306249680
  0.88950811760562887  0.90003579756425078  0.91049041505057560  0.92089464079552585
  0.93132612295005013  0.94137472539434652  0.95131543578532196  0.96109632850470728
  0.97091709270133686  0.98083163396752926  0.99047456421362889  1.00000000000000000
  0.00808562977415796  0.01153778168545063  0.01687791436918407  0.02212384198441394
  0.02810077180973489  0.03427182569195794  0.04047468108212876  0.04672790882245322
  0.05313575755915073  0.05937438046941632  0.06584156297380155  0.07231273762328784
  0.07883654024783697  0.08536131897799054  0.09186634213911465  0.09835965348997851
  0.10485112620932699  0.11147999560152966  0.11811834140157747  0.12479172071755265
  0.13158553688840749  0.13841302864102711  0.14536777561359138  0.15249762459335020
  0.15974860426216672  0.16710352503850071  0.17431344694923515  0.18153198382265184
  0.18861930243078293  0.19586697136725076  0.20322687974449880  0.21049175699007860
  0.21759694205239502  0.22467984060961355  0.23183249204761636  0.23913250528564911
  0.24649158962817824  0.25395461746542830  0.26153780453038161  0.26922404856353693
  0.27715933846800961  0.28510591594509144  0.29301488758183086  0.30094671105745929
  0.30903212712151956  0.31712260011670140  0.32503138291348121  0.33291127831487860
  0.34077844751792224  0.34858372170558632  0.35644003953528181  0.36433484153256313
  0.37238750329868164  0.38083260736233493  0.38968857181027883  0.39875527762235424
  0.40783325545184207  0.41686457806144245  0.42591304603488916  0.43497829129004478
  0.44407157207078768  0.45315302744518599  0.46248164935039859  0.47215178240018546
  0.48204100359867730  0.49211464376490349  0.50237948394807663  0.51292117639164414
  0.52352191650629620  0.53396765546933489  0.54455018672179267  0.55552779386532325
  0.56683745439673783  0.57818867184747091  0.58959391666670358  0.60124233204712829
  0.61307102729523566  0.62522536672376272  0.63771166096820775  0.65045535056187120
  0.66338246303098936  0.67662351430153611  0.69004439939604889  0.70372343949835947
  0.71818590156966200  0.73329765878856479  0.74891927293726179  0.76549379378955373
  0.78279474918786540  0.80120242166233502  0.82123629532498954  0.84327024478018087
  0.86746878175036957  0.89587371717003084  0.93490801269498869  1.00000000000000000
 -0.00895821442080921  0.05115915993225741  0.07470513690769627  0.08972644466140817
  0.10168775925260701  0.11198884408567247  0.12128346820269729  0.12963786208160824
  0.13731364838534946  0.14461414002760845  0.15158605901946781  0.15836706884366822
  0.16505195758713101  0.17152562081365177  0.17778975586866727  0.18391923884590181
  0.18998545437174866  0.19599598074519151  0.20194502836032874  0.20785837123721268
  0.21370677942442295  0.21953376120598794  0.22530996660707969  0.23103444810476992
  0.23678797362212034  0.24256350391588341  0.24837455137345080  0.25421988999236139
  0.26003087550666848  0.26577333157375194  0.27147351356265564  0.27715859867317710
  0.28286051307037285  0.28864564722844382  0.29451257351432986  0.30043983086607734
  0.30632401560985578  0.31225165385196918  0.31825862487081175  0.32436841393870725
  0.33046363476830071  0.33663578941624894  0.34283736577534041  0.34905266896395615
  0.35530086594132915  0.36154905814021926  0.36780405274466260  0.37413176329866876
  0.38051456438402126  0.38694409508687949  0.39339347863119484  0.40007062957212475
  0.40684822245106367  0.41369511726032249  0.42058479745999544  0.42749852163853197
  0.43446276779518916  0.44145365477210408  0.44845903103536566  0.45550993521044025
  0.46256534459894133  0.46964159269968997  0.47680962465516935  0.48409712441726505
  0.49148847858425193  0.49898418949497519  0.50664936840130792  0.51440425762097575
  0.52225449165571158  0.53024285747893496  0.53837295068823854  0.54668703802376328
  0.55522361431774447  0.56396502406139792  0.57299998801294338  0.58230031114161196
  0.59178239235333929  0.60137486045714417  0.61121232916570500  0.62140658423911255
  0.63191992150996334  0.64274816662655143  0.65393635881836887  0.66556573159662191
  0.67765545846660991  0.69041311964531349  0.70402714767879293  0.71855220632313876
  0.73397763400788552  0.75050914162757920  0.76858354963338937  0.78873035119481527
  0.81159721533941376  0.83935082104958969  0.88215139144779309  1.00000000000000000
   1.9421845296538049       -1.0000000000000000     
 F T F F T F F F F F F T F F T F F T F F T F F F F F F T F F T F
  <DiscreteSampler_grid>
  grouped_processes
  1 # 1 for a reference and 2 for a running grid.
  10 # Attribute 'min_bin_probing_points' of the grid.
  1 # Attribute 'grid_mode' of the grid. 1=='default',2=='initialization'
  0.0000000000000000 # Attribute 'small_contrib_threshold' of the grid.
  0.5000000000000000 # Attribute 'damping_power' of the grid.
 # binID   n_entries weight   weight_sqr   abs_weight
    13   10   9.991185963789949E+008   1.019072987857552E+018   9.991185963789949E+008
    14   10   9.991185963789927E+008   1.019072987857547E+018   9.991185963789927E+008
    16   10   9.991185963789952E+008   1.019072987857552E+018   9.991185963789952E+008
    17   10   9.991185963789927E+008   1.019072987857547E+018   9.991185963789927E+008
  </DiscreteSampler_grid>
