  0.00001886264615511  0.00001930376136353  0.00001985270719192  0.00002057027260572
  0.00002127584466220  0.00002194863232019  0.00002269341866650  0.00002344015587612
  0.00002420963825250  0.00002503400574442  0.00002589444532106  0.00002676811033296
  0.00002766955402688  0.00002856668814849  0.00002945219926938  0.00003034540958794
  0.00003131172517283  0.00003232740242876  0.00003336781899289  0.00003443034913875
  0.00003559148175267  0.00003680402733810  0.00003801500149641  0.00003925779829180
  0.00004060901384694  0.00004204299508356  0.00004350599228852  0.00004505947759800
  0.00004668275185044  0.00004832000797680  0.00005003232158605  0.00005188336778671
  0.00005384461553356  0.00005587611615569  0.00005799762431619  0.00006020015529269
  0.00006248087353491  0.00006477695750145  0.00006730048097346  0.00006987611975967
  0.00007240388913023  0.00007508996291254  0.00007795786614438  0.00008101166024529
  0.00008429428486047  0.00008785056931903  0.00009157696403211  0.00009544335476344
  0.00009961196836603  0.00010400537648506  0.00010860916702004  0.00011378571047933
  0.00011930083277883  0.00012536401498471  0.00013202714026790  0.00013896858796146
  0.00014648586046081  0.00015446340420944  0.00016309206622628  0.00017237214309670
  0.00018247677233612  0.00019371498929524  0.00020616226297880  0.00021984086050210
  0.00023456540428587  0.00025043553845450  0.00026780354727059  0.00028672526249878
  0.00030704347181427  0.00032898472820888  0.00035365038940620  0.00038127591909661
  0.00041267031703969  0.00044662953904521  0.00048552078745965  0.00053224011553463
  0.00058407855039305  0.00063715611153136  0.00069043571543752  0.00074656222740621
  0.00080809780267586  0.00087418029265748  0.00094279047935050  0.00102546733558304
  0.00112153013205737  0.00122456009747591  0.00134484188140146  0.00149337455133205
  0.00165996081177622  0.00186430918374386  0.00214612342758835  0.00246612194918974
  0.00288182669419310  0.00356694764823942  0.00531060792253766  1.00000000000000000
  0.00001889898374015  0.00001961509222336  0.00002047112463312  0.00002133955197489
  0.00002217078435539  0.00002298223023007  0.00002379368614847  0.00002463176095433
  0.00002550546938622  0.00002638108719571  0.00002724764318080  0.00002813207444575
  0.00002905872251143  0.00003003194566668  0.00003103480214982  0.00003204840742742
  0.00003305120044293  0.00003408523802627  0.00003520708395232  0.00003647121209796
  0.00003775464759974  0.00003909395993052  0.00004062549725586  0.00004218838558878
  0.00004378262883694  0.00004550642474259  0.00004736890471001  0.00004924906362305
  0.00005116827306822  0.00005320241311572  0.00005533139598443  0.00005756294013721
  0.00005991184079027  0.00006229780134740  0.00006475955900021  0.00006736705854160
  0.00007003049345505  0.00007266108790004  0.00007541028910959  0.00007841871205604
  0.00008143617675158  0.00008467347394545  0.00008816596887498  0.00009177763195667
  0.00009549813611388  0.00009944362785341  0.00010348862132535  0.00010777999312106
  0.00011239787752217  0.00011720077909247  0.00012216802963781  0.00012739891198360
  0.00013301122830809  0.00013896052901863  0.00014534356367435  0.00015195135625582
  0.00015892841060653  0.00016644640162193  0.00017429061883090  0.00018271950581081
  0.00019217734336772  0.00020250477860299  0.00021361435698537  0.00022537876807522
  0.00023762286603650  0.00025078461497199  0.00026501349328606  0.00028048554854593
  0.00029639505251648  0.00031291982900894  0.00033027379147601  0.00035039816432381
  0.00037366026864345  0.00040003120630695  0.00042884002592041  0.00046126893727480
  0.00049714696545690  0.00053582716799015  0.00057645216749648  0.00061957016063097
  0.00066680068531067  0.00071631665333093  0.00077264252885337  0.00083640946642400
  0.00090059218575624  0.00096701026509801  0.00103635622770583  0.00113999845766907
  0.00127300633761681  0.00142738641669761  0.00161725988829975  0.00188974394454686
  0.00261474599115747  0.00411053224968829  0.00996191625812111  1.00000000000000000
 -0.00166554990117635  0.00634693322168754  0.01372261464271682  0.02093552325712481
  0.02831797506377921  0.03548196706292934  0.04249784389549528  0.04961916582818043
  0.05681378331368273  0.06430569213749646  0.07212482976724513  0.08005554113429947
  0.08794182917831450  0.09586702227629730  0.10421543929992479  0.11323457608220651
  0.12249422476649198  0.13144155273065669  0.14042392086830036  0.14934939894768551
  0.15862160575987960  0.16780971515992002  0.17712532515308824  0.18695498222469234
  0.19746555687696876  0.20840950669072703  0.21934573891639383  0.23015573967907896
  0.24087949883471146  0.25190657672095879  0.26298875496524565  0.27473205125551242
  0.28714132760187605  0.29988555869149336  0.31271974901860933  0.32588895609916074
  0.33950900978995902  0.35304039568825490  0.36690705854071720  0.38129670491173800
  0.39602538602294851  0.41038213066590362  0.42484782795484033  0.43932827790360279
  0.45370828863620177  0.46797623304203656  0.48238647466949841  0.49665396842988796
  0.51082376924796802  0.52487293256121859  0.53943529484346209  0.55466333681564972
  0.57035382066601426  0.58550880524431292  0.59973865311065744  0.61328938602532512
  0.62685540121885042  0.64009805637326267  0.65288394240812764  0.66549121270810874
  0.67845667662710740  0.69149051205742074  0.70394543921361297  0.71577039045265733
  0.72707757615951885  0.73784486729441767  0.74836330376079063  0.75890369230322219
  0.76969646923232604  0.77986118152035155  0.78977750555087767  0.79988323682490592
  0.81035600563577825  0.82058947749366484  0.83017541248820526  0.83971676583390598
  0.84868410747905854  0.85772612883433386  0.86597773921836352  0.87470245540530955
  0.88347193843518312  0.89188935130555347  0.90056322813193512  0.90943238328960807
  0.91815137271851510  0.92615912609721740  0.93382878039851258  0.94145915189149221
  0.94921699687314431  0.95699412661623717  0.96435191013254862  0.97110469458804760
  0.97806551801390895  0.98497497153235480  0.99248136224535100  1.00000000000000000
 -0.00211578436568613  0.01069368476607196  0.02183557679270136  0.03282691654419890
  0.04361576004068007  0.05369433150969100  0.06402267780447515  0.07372940444739527
  0.08352638378653818  0.09335269997307391  0.10390036517086548  0.11410933481178655
  0.12422859511059121  0.13389477322388690  0.14385868969515919  0.15365177135742275
  0.16360561905190660  0.17371887673374886  0.18398931715603031  0.19473024404751277
  0.20596133495169386  0.21735392331301284  0.22830608384416001  0.23896285752308699
  0.24970115197536716  0.26072524772820926  0.27205892598717496  0.28286634035587127
  0.29334485179238506  0.30355912392233708  0.31392969428674489  0.32441768191829967
  0.33495623500064314  0.34554803195174355  0.35592891887427675  0.36635885927229767
  0.37705601576705261  0.38718898384468142  0.39715957373214567  0.40693808708445622
  0.41725750876785045  0.42794199106459885  0.43851523306554574  0.44913329279705971
  0.45951840157677798  0.46954120167166913  0.47959019380519369  0.48981763162968917
  0.50039569342598322  0.51142475898905615  0.52219535787548632  0.53327259681676087
  0.54389446435405642  0.55468763936085241  0.56538033044313629  0.57624481890676660
  0.58730945947845314  0.59864392397791644  0.60969625490271939  0.62039033140975464
  0.63056576806403020  0.64064002810094600  0.65056443579155965  0.66062442347019845
  0.67106327567008550  0.68179357192901380  0.69237461694518510  0.70288165522444812
  0.71342703947760300  0.72403950448128096  0.73463864880506158  0.74505675021043560
  0.75580588108183699  0.76680774337943536  0.77760700605022104  0.78840169271510563
  0.79918095930904187  0.81013722171875280  0.82074408884057126  0.83103946303842635
  0.84121077284322121  0.85210289665919325  0.86281832148626125  0.87368882829403627
  0.88434328201452572  0.89510710666253346  0.90504891662582476  0.91511079083499713
  0.92566143029055803  0.93622316539517059  0.94667462636104338  0.95697995396004309
  0.96762286230371863  0.97845442884971079  0.98911577197702771  1.00000000000000000
 -0.00225361769316825  0.00934110092291188  0.01882424982194300  0.02878050296109492
  0.03894544664511955  0.04928871106861322  0.05958647918238106  0.07049319305088346
  0.08111324969722801  0.09211591796833038  0.10314325590482734  0.11474310903323719
  0.12591255383901573  0.13679382019205627  0.14698998547422554  0.15661872827333737
  0.16625853797973314  0.17622458217637860  0.18624893008261631  0.19670991298704504
  0.20606471843207708  0.21652260850999089  0.22684273559872442  0.23758620447791459
  0.24820978736862273  0.25903643336587712  0.27007949072099185  0.28104407775435386
  0.29199085768012412  0.30323998925075635  0.31433982135900895  0.32532971994141913
  0.33644565600701465  0.34744441419759181  0.35798203100682963  0.36827536361322738
  0.37864944620081542  0.38901871091041590  0.39893617435414763  0.40858935109910105
  0.41837795033093189  0.42845593733391546  0.43864803619234383  0.44884397351145799
  0.45903674482161833  0.46942725339966535  0.48007266469663740  0.49102810986710582
  0.50200382100551766  0.51275042035787055  0.52352260290384856  0.53444804876720642
  0.54563306319415161  0.55682360724232338  0.56766898485685524  0.57855186187719576
  0.58941387949801038  0.60029459100698801  0.61109913828131757  0.62204289598077633
  0.63350387505662453  0.64501945826676232  0.65616571002309898  0.66665992994963208
  0.67666744916758537  0.68687167864856258  0.69727575073600345  0.70765640273577224
  0.71763795139179676  0.72776531372207398  0.73816196271668033  0.74856034979169683
  0.75853837745926422  0.76831100663179341  0.77822616742475348  0.78839794006621888
  0.79899891207156182  0.80984257343329247  0.82083923223568322  0.83170648181629814
  0.84226750495733005  0.85292131212735212  0.86344409371996911  0.87378109653176750
  0.88406406500119439  0.89448067870149139  0.90519105699210134  0.91595855301955253
  0.92684842761749198  0.93752705006628545  0.94777211346186674  0.95806908428523230
  0.96890802995175285  0.97905248172128290  0.98975727105227540  1.00000000000000000
  0.08185323877872538  0.13612765702741630  0.15351314317039624  0.16789214108524275
  0.18389054603530341  0.20032367472977203  0.21527555127689876  0.22820499091681679
  0.23979695576792254  0.25100510681154659  0.26221996029592015  0.27399540136220846
  0.28584780123532133  0.29759668684848511  0.30942002585714884  0.32093077251172858
  0.33179027117757887  0.34241770312941999  0.35303847162327467  0.36322211215640626
  0.37307634073690921  0.38308678676032137  0.39321806954326705  0.40345646765544613
  0.41388802205747816  0.42434810433866793  0.43429318503612840  0.44375111511444953
  0.45323860315602305  0.46311597758128331  0.47302110715126944  0.48307830689025200
  0.49302023628650260  0.50275615049327627  0.51207888262467760  0.52132134554204379
  0.53037876407151152  0.53951887500977036  0.54878806611809394  0.55860558254869574
  0.56871817173402506  0.57857176317738124  0.58782786154760147  0.59683984241968102
  0.60601425379882101  0.61494416148882181  0.62368448284865385  0.63228736565766552
  0.64076779084588331  0.64912837868577189  0.65737085608611023  0.66547585952056587
  0.67387757530680448  0.68242210849463658  0.69122288324515269  0.69998182745225690
  0.70858576968746623  0.71734299452751704  0.72601658160179128  0.73456234679233268
  0.74290940545393125  0.75115141520249584  0.75911475310560250  0.76710785274214288
  0.77513187979316656  0.78311306085813248  0.79105733434027059  0.79904802276265274
  0.80714979113411456  0.81543504660590738  0.82383843426869097  0.83221082943884073
  0.84061795955503749  0.84892356366244226  0.85695642670161221  0.86484366732392992
  0.87235595076748440  0.87947000728194136  0.88638432314597471  0.89317984226361880
  0.89985387207407852  0.90642585854640656  0.91293050896204353  0.91919240009059888
  0.92513312015291649  0.93096040520328105  0.93674836618866852  0.94265319222452215
  0.94860847966077444  0.95465032243687187  0.96114443457519561  0.96778093853344627
  0.97460759167586164  0.98174743896353689  0.99006215794338392  1.00000000000000000
 -0.01691517531341775  0.10307606894177276  0.13670723106723684  0.15830955982068148
  0.17554861632030769  0.19064583446259697  0.20464005499763535  0.21743370315492655
  0.22884282223136460  0.23931326562740315  0.24932383560267296  0.25874215261632605
  0.26772147218821818  0.27622314801461695  0.28444422201340724  0.29241547667973244
  0.30017850593556017  0.30788185245034300  0.31552440518040265  0.32327169389565030
  0.33088013268962463  0.33820691534248915  0.34520163192309417  0.35197691677817727
  0.35869986062869630  0.36534183613516613  0.37205628621128428  0.37892213845517431
  0.38579834648679606  0.39250298704645337  0.39886721227984678  0.40496763422531623
  0.41106740384064983  0.41718826461364372  0.42337635548035735  0.42964787101411461
  0.43592818769036079  0.44194249464226915  0.44783535366967187  0.45379454222770432
  0.45986749245489378  0.46598891105350193  0.47202420251853566  0.47797570042428439
  0.48384408194503142  0.48952115328983620  0.49522758608305389  0.50084722986495234
  0.50647152519403360  0.51223073867840174  0.51799354012791776  0.52369977415997215
  0.52926149056687433  0.53482621500185479  0.54055517900571526  0.54656686537418842
  0.55281245243972743  0.55889547510137116  0.56488748880429751  0.57069975983916343
  0.57686977661357497  0.58320321570655809  0.58969853755033097  0.59625191375885600
  0.60274715133857204  0.60903422016820774  0.61525134983823060  0.62144404913540341
  0.62763477838579373  0.63380616410787494  0.63991420386914122  0.64602989363857577
  0.65227628758875289  0.65882206220520467  0.66576793999747041  0.67298100313105913
  0.68014566156164757  0.68737693494840058  0.69484840990951369  0.70258916902578983
  0.71067897377990741  0.71938733622012296  0.72814155469228359  0.73695580999226762
  0.74589774032484213  0.75528734949514353  0.76542339936277304  0.77612685375388202
  0.78747834441675357  0.79967198869295397  0.81289903606834091  0.82713440178074193
  0.84322533095767493  0.86379160008404754  0.89897346629120922  1.00000000000000000
  0.75406517843523091       -1.0000000000000000     
 T F F T F F F F T F F T T F F T T F F T T F F T F F F F T F F T F F F F F F F F F F F F F F F F F F F F F F F F F F F F F F F F
  <DiscreteSampler_grid>
  grouped_processes
  1 # 1 for a reference and 2 for a running grid.
  10 # Attribute 'min_bin_probing_points' of the grid.
  1 # Attribute 'grid_mode' of the grid. 1=='default',2=='initialization'
  0.0000000000000000 # Attribute 'small_contrib_threshold' of the grid.
  0.5000000000000000 # Attribute 'damping_power' of the grid.
 # binID   n_entries weight   weight_sqr   abs_weight
    10   10   4.176877001210847E+006   4.064685876051317E+013   4.176877001210847E+006
  </DiscreteSampler_grid>
